wall -40.0 -10.0 40.0 -10.0
wall -40.0 10.0 40.0 10.0
sep -40.0 -7.0 40.0 -7.0
sep -40.0 -3.5 40.0 -3.5
sep -40.0 0.0 40.0 0.0
sep -40.0 3.5 40.0 3.5
sep -40.0 7.0 40.0 7.0
zebra 0 5.0 0.0


wall -10.0 -10.0 -30.0 -10.0
wall -10.0 -10.0 -10.0 -20.0
wall 10.0 -10.0 10.0 -20.0
wall 10.0 -10.0 30.0 -10.0
wall 10.0 10.0 30.0 10.0
wall 10.0 10.0 10.0 20.0
wall -10.0 10.0 -10.0 20.0
wall -10.0 10.0 -30.0 10.0
sep -30.0 0.0 -10.0 0.0
sep 10.0 0.0 30.0 0.0
sep -30.0 3.5 -10.0 3.5
sep 10.0 3.5 30.0 3.5
sep -30.0 -3.5 -10.0 -3.5
sep 10.0 -3.5 30.0 -3.5
sep -30.0 7.0 -10.0 7.0
sep 10.0 7.0 30.0 7.0
sep -30.0 -7.0 -10.0 -7.0
sep 10.0 -7.0 30.0 -7.0
sep -10.0 -7.0 -10.0 7.0
sep 10.0 -7.0 10.0 7.0
sep 0.0 -20.0 0.0 -10.0
sep 0.0 10.0 0.0 20.0
sep 3.5 -20.0 3.5 -10.0
sep 3.5 10.0 3.5 20.0
sep -3.5 -20.0 -3.5 -10.0
sep -3.5 10.0 -3.5 20.0
sep 7.0 -20.0 7.0 -10.0
sep 7.0 10.0 7.0 20.0
sep -7.0 -20.0 -7.0 -10.0
sep -7.0 10.0 -7.0 20.0
sep -7.0 -10.0 7.0 -10.0
sep -7.0 10.0 7.0 10.0
zebra 0 -12.2 0.0
zebra 0 12.2 0.0
zebra 1 0.0 12.2
zebra 1 0.0 -12.2


