0 5.9025 -6.3882 0.00412375 1.31965 
0.0309333 5.90823 -6.33051 0.0356635 1.35116 
0.0618667 5.91397 -6.27283 0.0672032 1.38268 
0.0928 5.9197 -6.21514 0.098743 1.41419 
0.128533 5.925 -6.1602 0.120292 1.44038 
0.164267 5.9303 -6.10525 0.141842 1.46656 
0.2 5.9356 -6.05031 0.163391 1.49275 
0.2319 5.87427 -6.07757 0.123779 1.44791 
0.2638 5.81293 -6.10483 0.0841677 1.40307 
0.2957 5.7516 -6.13209 0.044556 1.35823 
0.330633 5.75603 -6.04098 0.0216209 1.36616 
0.365567 5.76047 -5.94988 -0.0013142 1.37408 
0.4005 5.7649 -5.85877 -0.0242493 1.38201 
0.4327 5.79353 -5.84673 -0.0154525 1.35993 
0.4649 5.82217 -5.83469 -0.00665565 1.33785 
0.4971 5.8508 -5.82265 0.00214117 1.31577 
0.531833 5.84813 -5.83134 0.00558298 1.25966 
0.566567 5.84547 -5.84004 0.00902479 1.20354 
0.6013 5.8428 -5.84873 0.0124666 1.14743 
0.6381 5.84967 -5.79078 0.0198317 1.12722 
0.6749 5.85653 -5.73282 0.0271969 1.10702 
0.7117 5.8634 -5.67487 0.034562 1.08681 
0.744133 5.85307 -5.57817 0.0301077 1.12222 
0.776567 5.84273 -5.48148 0.0256534 1.15762 
0.809 5.8324 -5.38478 0.0211991 1.19303 
0.8305 5.8131 -5.35111 0.0023275 1.21083 
0.852 5.7938 -5.31743 -0.0165441 1.22863 
0.8735 5.7745 -5.28376 -0.0354157 1.24643 
0.920533 5.76703 -5.24124 -0.0525221 1.2586 
0.967567 5.75957 -5.19873 -0.0696285 1.27078 
1.0146 5.7521 -5.15621 -0.0867349 1.28295 
1.03413 5.77747 -5.05678 -0.075082 1.33607 
1.05367 5.80283 -4.95736 -0.0634292 1.3892 
1.0732 5.8282 -4.85793 -0.0517763 1.44232 
1.11617 5.79923 -4.83141 -0.0661003 1.45908 
1.15913 5.77027 -4.80488 -0.0804244 1.47583 
1.2021 5.7413 -4.77836 -0.0947484 1.49259 
1.23397 5.7417 -4.72108 -0.10108 1.50934 
1.26583 5.7421 -4.6638 -0.107411 1.52608 
1.2977 5.7425 -4.60652 -0.113742 1.54283 
1.337 5.73507 -4.58029 -0.12069 1.53338 
1.3763 5.72763 -4.55407 -0.127639 1.52394 
1.4156 5.7202 -4.52784 -0.134587 1.51449 
1.44607 5.7531 -4.49379 -0.10912 1.4953 
1.47653 5.786 -4.45973 -0.083652 1.47612 
1.507 5.8189 -4.42568 -0.0581845 1.45693 
1.54023 5.81833 -4.36838 -0.040788 1.45164 
1.57347 5.81777 -4.31107 -0.0233915 1.44634 
1.6067 5.8172 -4.25377 -0.00599506 1.44105 
1.6392 5.79143 -4.21227 -0.0153194 1.43244 
1.6717 5.76567 -4.17078 -0.0246438 1.42382 
1.7042 5.7399 -4.12928 -0.0339682 1.41521 
1.7375 5.7345 -4.09234 -0.0433652 1.40151 
1.7708 5.7291 -4.05541 -0.0527622 1.3878 
1.8041 5.7237 -4.01847 -0.0621592 1.3741 
1.83683 5.7413 -3.96427 -0.0524289 1.37204 
1.86957 5.7589 -3.91008 -0.0426985 1.36999 
1.9023 5.7765 -3.85588 -0.0329682 1.36793 
1.92593 5.79167 -3.80998 -0.0137167 1.36686 
1.94957 5.80683 -3.76407 0.0055348 1.36579 
1.9732 5.822 -3.71817 0.0247863 1.36472 
2.01883 5.81033 -3.64215 0.0271128 1.38845 
2.06447 5.79867 -3.56614 0.0294393 1.41219 
2.1101 5.787 -3.49012 0.0317658 1.43592 
2.13103 5.7799 -3.45133 0.0267301 1.44386 
2.15197 5.7728 -3.41253 0.0216945 1.45179 
2.1729 5.7657 -3.37373 0.0166588 1.45973 
2.2194 5.77477 -3.33348 0.0202458 1.45808 
2.2659 5.78383 -3.29323 0.0238327 1.45644 
2.3124 5.7929 -3.25298 0.0274197 1.45479 
2.34473 5.79763 -3.17648 0.0327521 1.47614 
2.37707 5.80237 -3.09998 0.0380844 1.4975 
2.4094 5.8071 -3.02348 0.0434168 1.51885 
2.43033 5.80687 -3.00236 0.0454991 1.50891 
2.45127 5.80663 -2.98124 0.0475813 1.49896 
2.4722 5.8064 -2.96012 0.0496636 1.48902 
2.5202 5.8165 -2.92329 0.057745 1.47242 
2.5682 5.8266 -2.88646 0.0658265 1.45581 
2.6162 5.8367 -2.84963 0.0739079 1.43921 
2.635 5.8427 -2.78801 0.0819142 1.4395 
2.6538 5.8487 -2.72639 0.0899204 1.43978 
2.6726 5.8547 -2.66478 0.0979267 1.44007 
2.7178 5.8564 -2.64575 0.101807 1.41707 
2.763 5.8581 -2.62672 0.105687 1.39408 
2.8082 5.8598 -2.60769 0.109567 1.37108 
2.83007 5.84193 -2.56415 0.0948342 1.35464 
2.85193 5.82407 -2.5206 0.0801015 1.33819 
2.8738 5.8062 -2.47706 0.0653687 1.32175 
2.91847 5.81647 -2.41102 0.0623949 1.32881 
2.96313 5.82673 -2.34498 0.059421 1.33587 
3.0078 5.837 -2.27895 0.0564472 1.34293 
3.04103 5.83087 -2.2513 0.0481323 1.33375 
3.07427 5.82473 -2.22366 0.0398173 1.32457 
3.1075 5.8186 -2.19602 0.0315024 1.31539 
3.1406 5.82207 -2.14184 0.0281285 1.31778 
3.1737 5.82553 -2.08766 0.0247547 1.32017 
3.2068 5.829 -2.03349 0.0213808 1.32256 
3.2426 5.81207 -1.95682 0.00509953 1.35015 
3.2784 5.79513 -1.88016 -0.0111817 1.37775 
3.3142 5.7782 -1.80349 -0.027463 1.40534 
3.34537 5.79387 -1.79222 -0.0246313 1.39454 
3.37653 5.80953 -1.78095 -0.0217997 1.38374 
3.4077 5.8252 -1.76968 -0.018968 1.37294 
3.44083 5.798 -1.7527 -0.038413 1.343 
3.47397 5.7708 -1.73573 -0.0578581 1.31306 
3.5071 5.7436 -1.71875 -0.0773031 1.28312 
3.54037 5.74593 -1.65669 -0.0858021 1.27939 
3.57363 5.74827 -1.59462 -0.094301 1.27566 
3.6069 5.7506 -1.53256 -0.1028 1.27193 
3.62883 5.77 -1.45527 -0.0899976 1.29746 
3.65077 5.7894 -1.37797 -0.0771951 1.32299 
3.6727 5.8088 -1.30068 -0.0643927 1.34852 
3.71993 5.7828 -1.21493 -0.0752749 1.3975 
3.76717 5.7568 -1.12919 -0.0861572 1.44647 
3.8144 5.7308 -1.04344 -0.0970394 1.49545 
3.84533 5.71493 -1.04818 -0.114105 1.48312 
3.87627 5.69907 -1.05293 -0.13117 1.47079 
3.9072 5.6832 -1.05767 -0.148235 1.45846 
3.94153 5.67137 -0.985783 -0.164666 1.46919 
3.97587 5.65953 -0.913897 -0.181097 1.47991 
4.0102 5.6477 -0.84201 -0.197528 1.49064 
4.0436 5.66603 -0.771037 -0.188115 1.51453 
4.077 5.68437 -0.700063 -0.178703 1.53843 
4.1104 5.7027 -0.62909 -0.16929 1.56232 
4.13103 5.69467 -0.583117 -0.165177 1.57273 
4.15167 5.68663 -0.537143 -0.161065 1.58313 
4.1723 5.6786 -0.49117 -0.156952 1.59354 
4.21863 5.67 -0.432413 -0.157023 1.60471 
4.26497 5.6614 -0.373657 -0.157093 1.61589 
4.3113 5.6528 -0.3149 -0.157164 1.62706 
4.33223 5.67853 -0.290933 -0.132413 1.61 
4.35317 5.70427 -0.266967 -0.107662 1.59293 
4.3741 5.73 -0.243 -0.0829109 1.57587 
4.42077 5.71737 -0.204977 -0.0749804 1.55335 
4.46743 5.70473 -0.166953 -0.0670498 1.53082 
4.5141 5.6921 -0.12893 -0.0591193 1.5083 
4.5341 5.698 -0.0989667 -0.0477378 1.47763 
4.5541 5.7039 -0.0690033 -0.0363562 1.44696 
4.5741 5.7098 -0.03904 -0.0249747 1.41629 
4.62087 5.7253 0.0217367 -0.00464177 1.40752 
4.66763 5.7408 0.0825133 0.0156912 1.39874 
4.7144 5.7563 0.14329 0.0360241 1.38997 
4.74527 5.7169 0.206273 0.0165778 1.39768 
4.77613 5.6775 0.269257 -0.0028685 1.40538 
4.807 5.6381 0.33224 -0.0223148 1.41309 
4.8403 5.65017 0.340477 -0.0245254 1.38693 
4.8736 5.66223 0.348713 -0.0267359 1.36077 
4.9069 5.6743 0.35695 -0.0289465 1.33461 
4.94083 5.6713 0.40646 -0.0319888 1.32188 
4.97477 5.6683 0.45597 -0.0350311 1.30916 
5.0087 5.6653 0.50548 -0.0380734 1.29643 
5.0421 5.65143 0.58951 -0.0500815 1.32094 
5.0755 5.63757 0.67354 -0.0620897 1.34545 
5.1089 5.6237 0.75757 -0.0740978 1.36996 
5.13033 5.6414 0.773553 -0.065665 1.3619 
5.15177 5.6591 0.789537 -0.0572321 1.35384 
5.1732 5.6768 0.80552 -0.0487993 1.34578 
5.22023 5.64927 0.867867 -0.0641235 1.35461 
5.26727 5.62173 0.930213 -0.0794476 1.36344 
5.3143 5.5942 0.99256 -0.0947718 1.37227 
5.33377 5.60497 1.03485 -0.0934349 1.37516 
5.35323 5.61573 1.07714 -0.092098 1.37805 
5.3727 5.6265 1.11943 -0.0907611 1.38094 
5.42017 5.617 1.1705 -0.0950781 1.38682 
5.46763 5.6075 1.22158 -0.099395 1.39271 
5.5151 5.598 1.27265 -0.103712 1.39859 
5.53423 5.6234 1.30338 -0.0833962 1.38965 
5.55337 5.6488 1.33412 -0.0630805 1.3807 
5.5725 5.6742 1.36485 -0.0427647 1.37176 
5.61643 5.66243 1.4257 -0.0380502 1.37813 
5.66037 5.65067 1.48655 -0.0333358 1.38451 
5.7043 5.6389 1.5474 -0.0286213 1.39088 
5.7337 5.6329 1.61941 -0.0296387 1.41548 
5.7631 5.6269 1.69143 -0.030656 1.44009 
5.7925 5.6209 1.76344 -0.0316734 1.46469 
5.82817 5.634 1.81287 -0.0209829 1.48092 
5.86383 5.6471 1.86231 -0.0102923 1.49716 
5.8995 5.6602 1.91174 0.000398245 1.51339 
5.9317 5.66337 1.97361 0.0097671 1.53292 
5.9639 5.66653 2.03548 0.0191359 1.55244 
5.9961 5.6697 2.09735 0.0285048 1.57197 
6.02963 5.67327 2.14212 0.0365934 1.57836 
6.06317 5.67683 2.18689 0.044682 1.58476 
6.0967 5.6804 2.23166 0.0527706 1.59115 
6.13007 5.64737 2.24074 0.0300895 1.56008 
6.16343 5.61433 2.24981 0.00740833 1.529 
6.1968 5.5813 2.25889 -0.0152728 1.49793 
6.2298 5.6065 2.32564 -0.00921036 1.4915 
6.2628 5.6317 2.3924 -0.00314791 1.48506 
6.2958 5.6569 2.45915 0.00291453 1.47863 
6.32783 5.64073 2.50437 -0.00622675 1.47126 
6.35987 5.62457 2.54958 -0.015368 1.46388 
6.3919 5.6084 2.5948 -0.0245093 1.45651 
6.42913 5.60393 2.66257 -0.0332635 1.46717 
6.46637 5.59947 2.73034 -0.0420176 1.47782 
6.5036 5.595 2.79811 -0.0507718 1.48848 
6.52707 5.56203 2.8357 -0.0813995 1.48568 
6.55053 5.52907 2.87328 -0.112027 1.48288 
6.574 5.4961 2.91087 -0.142655 1.48008 
6.62063 5.51123 2.96087 -0.146354 1.47882 
6.66727 5.52637 3.01087 -0.150052 1.47755 
6.7139 5.5415 3.06087 -0.153751 1.47629 
6.73293 5.5923 3.07977 -0.111358 1.45123 
6.75197 5.6431 3.09867 -0.0689643 1.42618 
6.771 5.6939 3.11757 -0.026571 1.40112 
6.81657 5.64283 3.13781 -0.0395922 1.36391 
6.86213 5.59177 3.15805 -0.0526134 1.32671 
6.9077 5.5407 3.17829 -0.0656346 1.2895 
6.93917 5.56743 3.22255 -0.0508317 1.26671 
6.97063 5.59417 3.26681 -0.0360289 1.24392 
7.0021 5.6209 3.31107 -0.021226 1.22113 
7.0389 5.62143 3.36635 -0.0107606 1.2182 
7.0757 5.62197 3.42162 -0.000295267 1.21527 
7.1125 5.6225 3.4769 0.0101701 1.21234 
7.14413 5.63973 3.56113 0.0303878 1.24552 
7.17577 5.65697 3.64537 0.0506056 1.27871 
7.2074 5.6742 3.7296 0.0708233 1.31189 
7.2409 5.61037 3.77902 0.0307887 1.33768 
7.2744 5.54653 3.82843 -0.00924597 1.36346 
7.3079 5.4827 3.87785 -0.0492806 1.38925 
7.33927 5.53433 3.91988 -0.032277 1.40233 
7.37063 5.58597 3.9619 -0.0152734 1.41541 
7.402 5.6376 4.00393 0.00173019 1.42849 
7.43553 5.59737 4.04469 -0.0196144 1.43137 
7.46907 5.55713 4.08544 -0.040959 1.43426 
7.5026 5.5169 4.1262 -0.0623036 1.43714 
7.536 5.50393 4.17751 -0.0846624 1.44171 
7.5694 5.49097 4.22881 -0.107021 1.44627 
7.6028 5.478 4.28012 -0.12938 1.45084 
7.6262 5.4964 4.29047 -0.125522 1.42335 
7.6496 5.5148 4.30082 -0.121665 1.39586 
7.673 5.5332 4.31117 -0.117807 1.36837 
7.71353 5.5172 4.38078 -0.12501 1.36998 
7.75407 5.5012 4.45038 -0.132214 1.37158 
7.7946 5.4852 4.51999 -0.139417 1.37319 
7.8305 5.4912 4.55753 -0.135498 1.36763 
7.8664 5.4972 4.59507 -0.131579 1.36207 
7.9023 5.5032 4.63261 -0.12766 1.35651 
7.93423 5.5262 4.68381 -0.103344 1.35774 
7.96617 5.5492 4.73501 -0.0790273 1.35896 
7.9981 5.5722 4.78621 -0.0547109 1.36019 
8.0229 5.52883 4.809 -0.0724023 1.34294 
8.0477 5.48547 4.83178 -0.0900936 1.32568 
8.0725 5.4421 4.85457 -0.107785 1.30843 
8.1178 5.45587 4.8614 -0.105202 1.26795 
8.1631 5.46963 4.86822 -0.102618 1.22748 
8.2084 5.4834 4.87505 -0.100035 1.187 
8.22997 5.47653 5.00151 -0.10122 1.23061 
8.25153 5.46967 5.12797 -0.102404 1.27423 
8.2731 5.4628 5.25443 -0.103589 1.31784 
8.31783 5.45293 5.23155 -0.109468 1.2923 
8.36257 5.44307 5.20866 -0.115347 1.26676 
8.4073 5.4332 5.18578 -0.121226 1.24122 
8.4389 5.43233 5.2384 -0.122459 1.23387 
8.4705 5.43147 5.29101 -0.123692 1.22652 
8.5021 5.4306 5.34363 -0.124925 1.21917 
8.5253 5.42773 5.3462 -0.124662 1.18401 
8.5485 5.42487 5.34877 -0.1244 1.14885 
8.5717 5.422 5.35134 -0.124137 1.11369 
8.61873 5.43137 5.38818 -0.113187 1.09096 
8.66577 5.44073 5.42501 -0.102236 1.06823 
8.7128 5.4501 5.46185 -0.0912859 1.0455 
8.73327 5.45703 5.49134 -0.0762831 1.02666 
8.75373 5.46397 5.52082 -0.0612802 1.00782 
8.7742 5.4709 5.55031 -0.0462774 0.988986 
8.81787 5.49113 5.57435 -0.0192636 0.969791 
8.86153 5.51137 5.5984 0.0077502 0.950596 
8.9052 5.5316 5.62244 0.034764 0.931401 
8.93843 5.55937 5.64048 0.0733567 0.908714 
8.97167 5.58713 5.65853 0.111949 0.886027 
9.0049 5.6149 5.67657 0.150542 0.86334 
9.03947 5.58907 5.7235 0.150542 0.86334 
9.07403 5.56323 5.77043 0.150542 0.86334 
