0.017 4.00047 -8.49932 0.0279014 0.0397807
0.034 4.00141 -8.49799 0.054923 0.0783089
0.05 4.00268 -8.49618 0.0795516 0.113429
0.067 4.00446 -8.49363 0.10494 0.149639
0.084 4.00667 -8.49049 0.129524 0.184709
0.1 4.0091 -8.48703 0.151926 0.216677
0.117 4.01207 -8.48278 0.175016 0.249636
0.134 4.01543 -8.478 0.197369 0.281558
0.15 4.01891 -8.47303 0.217735 0.310656
0.167 4.02297 -8.46724 0.238722 0.340657
0.184 4.02737 -8.46095 0.259035 0.369713
0.2 4.03182 -8.45461 0.277538 0.396199
0.217 4.03686 -8.44741 0.296601 0.423507
0.234 4.04221 -8.43976 0.315048 0.449954
0.25 4.04752 -8.43218 0.331846 0.474063
0.267 4.05346 -8.4237 0.34915 0.498919
0.284 4.05968 -8.41481 0.365889 0.522993
0.3 4.06578 -8.40609 0.381129 0.544937
0.317 4.07252 -8.39644 0.396822 0.567562
0.334 4.07953 -8.38642 0.411999 0.589475
0.35 4.08634 -8.37667 0.425813 0.609449
0.367 4.09382 -8.36595 0.440034 0.630043
0.384 4.10153 -8.3549 0.453783 0.649988
0.4 4.10899 -8.34421 0.466292 0.668169
0.417 4.11714 -8.33254 0.479165 0.686914
0.434 4.1255 -8.32055 0.491607 0.705069
0.45 4.13354 -8.309 0.502923 0.721617
0.467 4.14229 -8.29645 0.514564 0.738679
0.484 4.15123 -8.28361 0.525811 0.755204
0.5 4.15981 -8.27128 0.536035 0.770266
0.517 4.1691 -8.25793 0.546549 0.785796
0.534 4.17856 -8.24431 0.556702 0.800837
0.55 4.18762 -8.23128 0.565927 0.814547
0.567 4.1974 -8.21719 0.57541 0.828682
0.584 4.20734 -8.20287 0.584562 0.842371
0.6 4.21682 -8.18919 0.592874 0.85485
0.617 4.22705 -8.17444 0.601414 0.867715
0.634 4.23741 -8.15948 0.609651 0.880175
0.65 4.24728 -8.14521 0.617127 0.891533
0.667 4.25791 -8.12986 0.624804 0.903242
0.684 4.26865 -8.11431 0.632203 0.914583
0.7 4.27888 -8.09951 0.638915 0.92492
0.717 4.28986 -8.08361 0.645802 0.935577
0.734 4.30095 -8.06753 0.652436 0.945898
0.75 4.31148 -8.05224 0.658449 0.955306
0.767 4.32278 -8.03584 0.664613 0.965005
0.784 4.33418 -8.01927 0.670546 0.974398
0.8 4.34499 -8.00355 0.675919 0.98296
0.817 4.35658 -7.98669 0.681423 0.991787
0.834 4.36825 -7.96968 0.686715 1.00034
0.85 4.37932 -7.95355 0.691503 1.00813
0.868 4.39186 -7.93525 0.696691 1.01663
0.883 4.40237 -7.9199 0.700833 1.02348
0.9 4.41436 -7.90237 0.705361 1.03103
0.916 4.42571 -7.88576 0.709452 1.03791
0.933 4.43784 -7.868 0.713632 1.045
0.95 4.45004 -7.85012 0.717639 1.05187
0.967 4.46231 -7.83212 0.721479 1.05852
0.984 4.47464 -7.81402 0.725158 1.06496
1 4.48629 -7.79688 0.728472 1.07083
1.017 4.49873 -7.77858 0.731849 1.07689
1.034 4.51123 -7.76017 0.735078 1.08275
1.05 4.52304 -7.74276 0.737982 1.08809
1.067 4.53563 -7.72417 0.740936 1.09359
1.083 4.54753 -7.70659 0.743589 1.09861
1.099 4.55947 -7.68894 0.746125 1.10348
1.116 4.5722 -7.67009 0.748699 1.10849
1.133 4.58497 -7.65116 0.751148 1.11335
1.15 4.59778 -7.63216 0.753477 1.11806
1.167 4.61062 -7.61307 0.755689 1.12261
1.184 4.6235 -7.59391 0.757787 1.12702
1.2 4.63566 -7.57582 0.759659 1.13104
1.217 4.64861 -7.55652 0.761546 1.13519
1.234 4.66158 -7.53715 0.76333 1.1392
1.25 4.67382 -7.51887 0.764913 1.14285
1.267 4.68685 -7.49937 0.766504 1.14662
1.284 4.69991 -7.47982 0.767999 1.15027
1.3 4.71222 -7.46136 0.76932 1.15359
1.317 4.72532 -7.44169 0.770639 1.15701
1.334 4.73844 -7.42197 0.771871 1.16033
1.35 4.75081 -7.40335 0.772951 1.16335
1.367 4.76396 -7.38352 0.774021 1.16646
1.384 4.77714 -7.36364 0.775012 1.16947
1.4 4.78955 -7.34489 0.775872 1.17222
1.417 4.80276 -7.32491 0.776715 1.17505
1.434 4.81597 -7.30489 0.777485 1.17778
1.45 4.82842 -7.286 0.778143 1.18028
1.467 4.84166 -7.2659 0.778778 1.18285
1.484 4.85491 -7.24575 0.779346 1.18533
1.5 4.86739 -7.22674 0.779819 1.1876
1.517 4.88065 -7.20651 0.780264 1.18993
1.534 4.89393 -7.18625 0.780647 1.19219
1.55 4.90642 -7.16714 0.780952 1.19424
1.567 4.9197 -7.1468 0.781221 1.19636
1.584 4.93299 -7.12643 0.781435 1.19841
1.6 4.94549 -7.10722 0.781586 1.20028
1.617 4.95878 -7.08679 0.781696 1.2022
1.634 4.97207 -7.06632 0.781755 1.20406
1.65 4.98458 -7.04703 0.781764 1.20575
1.667 4.99787 -7.0265 0.781728 1.20749
1.684 5.01116 -7.00594 0.781645 1.20918
1.7 5.02325 -6.98657 0.756049 1.21071
1.717 5.03566 -6.96596 0.729624 1.21229
1.734 5.04762 -6.94533 0.703997 1.21382
1.75 5.05851 -6.92588 0.680604 1.21521
1.767 5.06967 -6.9052 0.656454 1.21664
1.784 5.08044 -6.8845 0.633032 1.21802
1.8 5.09022 -6.86499 0.611653 1.21928
1.817 5.10025 -6.84424 0.589582 1.22058
1.834 5.1099 -6.82347 0.568176 1.22183
1.85 5.11868 -6.8039 0.548636 1.22297
1.866 5.12716 -6.78431 0.529651 1.22407
1.883 5.13583 -6.76349 0.510051 1.22521
1.9 5.14418 -6.74264 0.491041 1.22631
1.917 5.15221 -6.72177 0.472605 1.22737
1.934 5.15994 -6.70089 0.454724 1.2284
1.95 5.16695 -6.68122 0.438402 1.22934
1.967 5.17412 -6.66031 0.421552 1.2303
1.984 5.18101 -6.63937 0.405209 1.23123
2 5.18725 -6.61966 0.390291 1.23207
2.017 5.19363 -6.5987 0.37489 1.23295
2.034 5.19975 -6.57773 0.359953 1.23379
2.05 5.20529 -6.55797 0.346318 1.23455
2.067 5.21093 -6.53697 0.332241 1.23534
2.084 5.21635 -6.51596 0.318588 1.2361
2.1 5.22125 -6.49617 0.306126 1.2368
2.117 5.22623 -6.47513 0.293259 1.23751
2.134 5.23101 -6.45408 0.280781 1.2382
2.15 5.23532 -6.43426 0.26939 1.23883
2.167 5.2397 -6.41319 0.257629 1.23947
2.184 5.24388 -6.39211 0.246223 1.2401
2.2 5.24766 -6.37226 0.235811 1.24066
2.217 5.25148 -6.35116 0.225062 1.24125
2.234 5.25513 -6.33005 0.214636 1.24181
2.25 5.25841 -6.31017 0.205119 1.24232
2.267 5.26173 -6.28904 0.195294 1.24285
2.284 5.26489 -6.26791 0.185764 1.24336
2.3 5.26772 -6.248 0.177065 1.24382
2.317 5.27058 -6.22685 0.168084 1.2443
2.333 5.27314 -6.20694 0.159885 1.24473
2.35 5.27571 -6.18577 0.151421 1.24518
2.366 5.27801 -6.16584 0.143694 1.24559
2.383 5.28032 -6.14466 0.135717 1.246
2.4 5.2825 -6.12347 0.12798 1.24641
2.416 5.28443 -6.10352 0.120917 1.24677
2.433 5.28636 -6.08232 0.113625 1.24715
2.449 5.28807 -6.06236 0.106968 1.2475
2.466 5.28978 -6.04114 0.100096 1.24785
2.483 5.29136 -6.01992 0.0934297 1.24819
2.499 5.29276 -5.99995 0.0873446 1.2485
2.516 5.29414 -5.97872 0.0810622 1.24882
2.534 5.29548 -5.95623 0.0746102 1.24914
2.55 5.29659 -5.93624 0.0690577 1.24942
2.567 5.29766 -5.915 0.0633251 1.24971
2.584 5.29865 -5.89375 0.0577649 1.24999
2.6 5.29949 -5.87374 0.052689 1.25024
2.617 5.3003 -5.85249 0.0474484 1.2505
2.634 5.30102 -5.83122 0.0423654 1.25075
2.65 5.30162 -5.81121 0.0377251 1.25098
2.667 5.30218 -5.78994 0.0329342 1.25121
2.684 5.30266 -5.76866 0.0282873 1.25144
2.7 5.30304 -5.74864 0.0240452 1.25165
2.717 5.30338 -5.72735 0.0196654 1.25186
2.734 5.30364 -5.70607 0.0154171 1.25206
2.75 5.30383 -5.68603 0.0115389 1.25225
2.767 5.30395 -5.66474 0.00753479 1.25244
2.784 5.30402 -5.64345 0.00365094 1.25262
2.8 5.30402 -5.6234 0.00010535 1.25279
2.817 5.30396 -5.6021 -0.00355537 1.25296
2.833 5.30387 -5.58205 -0.00555047 1.25312
2.85 5.30374 -5.56075 -0.00761237 1.25328
2.866 5.30359 -5.54069 -0.00949673 1.25343
2.883 5.30339 -5.51938 -0.0114443 1.25358
2.9 5.30317 -5.49807 -0.0133356 1.25372
2.916 5.30293 -5.47801 -0.0150642 1.25386
2.933 5.30264 -5.45669 -0.0168509 1.25399
2.95 5.30232 -5.43537 -0.0185862 1.25412
2.967 5.30198 -5.41405 -0.0202716 1.25425
2.984 5.30161 -5.39272 -0.0219086 1.25437
3 5.30123 -5.37265 -0.023405 1.25448
3.017 5.30081 -5.35132 -0.0249521 1.2546
3.034 5.30036 -5.32999 -0.026455 1.25471
3.05 5.29991 -5.30992 -0.0278291 1.25481
3.067 5.29941 -5.28858 -0.0292498 1.25491
3.084 5.29889 -5.26725 -0.0306301 1.25501
3.1 5.29838 -5.24717 -0.0318923 1.2551
3.117 5.29782 -5.22583 -0.0331976 1.25519
3.134 5.29723 -5.20449 -0.0344659 1.25528
3.15 5.29666 -5.1844 -0.0356259 1.25536
3.167 5.29604 -5.16306 -0.0368256 1.25544
3.184 5.29539 -5.14172 -0.0379916 1.25552
3.2 5.29477 -5.12163 -0.0390581 1.25559
3.217 5.29408 -5.10028 -0.0401614 1.25567
3.234 5.29338 -5.07893 -0.0412338 1.25574
3.25 5.29271 -5.05884 -0.0422149 1.2558
3.267 5.29197 -5.03749 -0.0432301 1.25587
3.284 5.29122 -5.01614 -0.044217 1.25593
3.3 5.29055 -4.99663 -0.0416412 1.21958
3.317 5.28989 -4.97653 -0.0389848 1.18208
3.333 5.28931 -4.95816 -0.0365629 1.1479
3.35 5.28873 -4.93925 -0.0340652 1.11265
3.366 5.28822 -4.92196 -0.031788 1.08051
3.383 5.28772 -4.90416 -0.0294394 1.04737
3.4 5.28726 -4.8869 -0.0271643 1.01526
3.417 5.28683 -4.87017 -0.0249602 0.984162
3.434 5.28644 -4.85395 -0.0228249 0.954034
3.45 5.28611 -4.83912 -0.020878 0.926565
3.467 5.28579 -4.82385 -0.0188702 0.898237
3.484 5.2855 -4.80905 -0.016925 0.870795
3.5 5.28526 -4.79552 -0.0151514 0.845775
3.517 5.28503 -4.78158 -0.0133223 0.819973
3.534 5.28484 -4.76806 -0.0115503 0.794977
3.55 5.28468 -4.75571 -0.00993449 0.772187
3.567 5.28454 -4.74298 -0.00826811 0.748684
3.584 5.28442 -4.73064 -0.00665369 0.725915
3.6 5.28434 -4.71936 -0.00518165 0.705156
3.617 5.28428 -4.70773 -0.00366346 0.683746
3.633 5.28424 -4.6971 -0.00227914 0.664226
3.65 5.28423 -4.68615 -0.000851406 0.644095
3.667 5.28424 -4.67554 0.00053184 0.624592
3.684 5.28424 -4.66524 0.000440159 0.605698
3.7 5.28425 -4.65582 0.000356984 0.58847
3.717 5.28426 -4.64612 0.000271682 0.570703
3.734 5.28426 -4.63671 0.000189509 0.55349
3.75 5.28426 -4.62811 0.000114994 0.537795
3.767 5.28426 -4.61924 3.86071e-05 0.521608
3.784 5.28426 -4.61064 -3.49403e-05 0.505926
3.8 5.28428 -4.60277 0.00124601 0.491627
3.817 5.2843 -4.59467 0.00113528 0.476879
3.834 5.28432 -4.5868 0.00102846 0.462591
3.85 5.28433 -4.57961 0.000931462 0.449562
3.867 5.28435 -4.5722 0.000831872 0.436125
3.884 5.28436 -4.565 0.00073583 0.423106
3.9 5.28437 -4.55842 0.000648645 0.411235
3.917 5.28438 -4.55164 0.000559164 0.398991
3.934 5.28439 -4.54506 0.000472904 0.387128
3.95 5.28439 -4.53904 0.000394627 0.37631
3.967 5.2844 -4.53283 0.000314322 0.365152
3.984 5.2844 -4.52681 0.00023694 0.354341
4 5.2844 -4.5213 0.000166749 0.344483
4.017 5.28441 -4.51561 9.4771e-05 0.334315
4.034 5.28441 -4.5101 2.54457e-05 0.324462
4.05 5.28441 -4.50505 -3.74092e-05 0.315478
4.067 5.28443 -4.49984 0.00133 0.30621
4.084 5.28445 -4.49479 0.0012229 0.29723
4.1 5.28447 -4.49016 0.00112562 0.289041
4.117 5.28449 -4.48539 0.00102568 0.280594
4.134 5.2845 -4.48076 0.000929263 0.272409
4.15 5.28451 -4.47652 0.000841697 0.264944
4.167 5.28453 -4.47215 0.000751781 0.257244
4.184 5.28454 -4.46791 0.000665058 0.249782
4.2 5.28455 -4.46402 0.000586324 0.242977
4.217 5.28456 -4.46001 0.000505506 0.235957
4.234 5.28456 -4.45611 0.000427588 0.229155
4.25 5.28457 -4.45254 0.000356874 0.22295
4.267 5.28457 -4.44886 0.00028432 0.21655
4.284 5.28458 -4.44529 0.000214398 0.210347
4.3 5.28458 -4.44201 0.000150967 0.20469
4.317 5.28458 -4.43863 8.5915e-05 0.198853
4.333 5.28458 -4.43553 2.69198e-05 0.19353
4.35 5.28458 -4.43234 -3.35635e-05 0.188038
4.366 5.2846 -4.42941 0.0012592 0.183028
4.383 5.28462 -4.42639 0.00116058 0.17786
4.4 5.28464 -4.42345 0.00106539 0.172851
4.417 5.28466 -4.42059 0.000973541 0.167996
4.434 5.28467 -4.41782 0.000884909 0.16329
4.45 5.28468 -4.41527 0.000804408 0.158998
4.467 5.2847 -4.41264 0.000721738 0.154569
4.484 5.28471 -4.41009 0.000641997 0.150276
4.5 5.28472 -4.40775 0.000569595 0.14636
4.517 5.28473 -4.40533 0.00049527 0.142319
4.534 5.28473 -4.40298 0.000423607 0.138402
4.55 5.28474 -4.40082 0.000358564 0.134828
4.567 5.28474 -4.39859 0.000291823 0.13114
4.584 5.28475 -4.39642 0.0002275 0.127565
4.6 5.28475 -4.39443 0.000169144 0.124304
4.617 5.28475 -4.39237 0.000109293 0.120938
4.634 5.28475 -4.39037 5.16383e-05 0.117674
4.65 5.28475 -4.38854 -6.41583e-07 0.114697
4.667 5.28478 -4.38664 0.00137758 0.111624
4.684 5.2848 -4.38479 0.00128091 0.108645
4.7 5.28482 -4.3831 0.00119306 0.105926
4.717 5.28484 -4.38135 0.00110279 0.10312
4.734 5.28485 -4.37964 0.00101566 0.100399
4.75 5.28487 -4.37807 0.000936515 0.0979157
4.766 5.28488 -4.37655 0.000859977 0.0955035
4.783 5.28489 -4.37496 0.000781367 0.0930134
4.8 5.28491 -4.37342 0.000705532 0.0905986
4.817 5.28492 -4.37192 0.000632382 0.0882568
4.834 5.28493 -4.37046 0.000561833 0.0859856
4.85 5.28494 -4.36912 0.000497787 0.0839127
4.867 5.28494 -4.36773 0.00043205 0.0817724
4.884 5.28495 -4.36637 0.000368678 0.0796965
4.9 5.28495 -4.36513 0.000311171 0.0778016
4.917 5.28496 -4.36384 0.000252174 0.0758449
4.934 5.28496 -4.36258 0.000195326 0.0739468
4.95 5.28496 -4.36143 0.000143765 0.072214
4.967 5.28497 -4.36023 9.08948e-05 0.0704245
4.984 5.28497 -4.35906 3.99792e-05 0.0686883
5 5.28497 -4.35799 -6.17685e-06 0.0671032
5.017 5.28499 -4.35688 0.00137833 0.0654659
5.034 5.28501 -4.35579 0.00128773 0.0638773
5.05 5.28503 -4.35479 0.0012054 0.0624266
5.067 5.28505 -4.35376 0.0011208 0.060928
5.084 5.28507 -4.35274 0.00103915 0.0594737
5.1 5.28508 -4.35181 0.000964968 0.0581454
5.117 5.2851 -4.35085 0.000888773 0.0567731
5.134 5.28511 -4.34991 0.00081526 0.0554412
5.15 5.28512 -4.34904 0.000748499 0.0542245
5.167 5.28513 -4.34814 0.00067995 0.0529672
5.184 5.28514 -4.34726 0.00061384 0.0517466
5.2 5.28515 -4.34645 0.000553826 0.0506315
5.217 5.28516 -4.34561 0.000492231 0.049479
5.234 5.28517 -4.34479 0.000432856 0.0483599
5.25 5.28518 -4.34403 0.000378979 0.0473373
5.267 5.28518 -4.34324 0.000323711 0.0462802
5.284 5.28519 -4.34247 0.000270461 0.0452535
5.3 5.28519 -4.34176 0.000222167 0.0443152
5.317 5.28519 -4.34103 0.000172653 0.0433449
5.334 5.28519 -4.34031 0.000124975 0.0424024
5.35 5.2852 -4.33964 8.17601e-05 0.0415408
5.367 5.2852 -4.33895 3.74809e-05 0.0406497
5.384 5.2852 -4.33827 -5.12816e-06 0.0397839
5.4 5.28522 -4.33765 0.00130385 0.0389922
5.417 5.28524 -4.337 0.00122191 0.0381731
5.434 5.28526 -4.33637 0.00114282 0.0373771
5.45 5.28527 -4.33578 0.00107097 0.036649
5.467 5.28529 -4.33517 0.000997164 0.0358956
5.484 5.28531 -4.33457 0.000925957 0.0351632
5.5 5.28532 -4.33402 0.00086129 0.0344931
5.517 5.28534 -4.33344 0.00079489 0.0337994
5.534 5.28535 -4.33288 0.000730854 0.0331249
5.55 5.28536 -4.33236 0.000672723 0.0325076
5.567 5.28537 -4.33182 0.000613061 0.0318684
5.584 5.28538 -4.33129 0.000555549 0.0312466
5.6 5.28539 -4.3308 0.000503365 0.0306774
5.617 5.28539 -4.33029 0.000449834 0.0300878
5.634 5.2854 -4.32978 0.00039826 0.029514
5.65 5.28541 -4.32932 0.000351487 0.0289886
5.667 5.28541 -4.32884 0.000303535 0.0284441
5.684 5.28542 -4.32836 0.000257363 0.0279141
5.7 5.28536 -4.32733 -0.00348316 0.0643411
5.717 5.28526 -4.3256 -0.00590807 0.101898
5.734 5.28512 -4.32325 -0.00825685 0.138272
5.75 5.28495 -4.32051 -0.0103981 0.17143
5.767 5.28474 -4.31701 -0.0126062 0.205615
5.784 5.28449 -4.31295 -0.0147451 0.238724
5.8 5.28422 -4.30865 -0.0166953 0.268905
5.817 5.2839 -4.30355 -0.0187065 0.300021
5.834 5.28355 -4.29794 -0.0206549 0.330158
5.85 5.28319 -4.29222 -0.0224316 0.35763
5.867 5.28278 -4.28565 -0.024264 0.385953
5.883 5.28237 -4.27907 -0.025935 0.411771
5.9 5.2819 -4.27161 -0.0276586 0.43839
5.916 5.28143 -4.26421 -0.0292306 0.462654
5.933 5.2809 -4.25592 -0.0308521 0.48767
5.95 5.28035 -4.24722 -0.0324235 0.511899
5.967 5.27978 -4.23812 -0.0339464 0.535366
5.984 5.27917 -4.22863 -0.0354223 0.558093
6 5.27858 -4.21937 -0.0367687 0.57881
6.017 5.27794 -4.20917 -0.0381579 0.600169
6.033 5.27731 -4.19925 -0.0394253 0.619639
6.05 5.27661 -4.18838 -0.0407331 0.639713
6.066 5.27594 -4.17785 -0.0419264 0.658011
6.083 5.27521 -4.16634 -0.0431578 0.676876
6.1 5.27445 -4.15452 -0.0443517 0.695148
6.117 5.27368 -4.1424 -0.0455094 0.712844
6.134 5.27289 -4.12999 -0.046632 0.729983
6.15 5.27213 -4.11807 -0.0476566 0.745606
6.167 5.2713 -4.10512 -0.0487143 0.761713
6.184 5.27045 -4.0919 -0.0497402 0.777313
6.2 5.26964 -4.07924 -0.0506767 0.791533
6.217 5.26876 -4.06553 -0.0516437 0.806194
6.234 5.26787 -4.05159 -0.0525818 0.820393
6.25 5.26701 -4.03825 -0.0534383 0.833336
6.267 5.26609 -4.02386 -0.054323 0.846681
6.284 5.26515 -4.00925 -0.0551814 0.859605
6.3 5.26426 -3.9953 -0.0559654 0.871386
6.317 5.26329 -3.98028 -0.0567754 0.883532
6.334 5.26231 -3.96506 -0.0575615 0.895295
6.35 5.26138 -3.95057 -0.0582797 0.906018
6.367 5.26038 -3.93498 -0.0590219 0.917073
6.384 5.25936 -3.9192 -0.0597424 0.92778
6.4 5.2584 -3.9042 -0.0604009 0.93754
6.417 5.25736 -3.88809 -0.0610816 0.947603
6.434 5.25631 -3.87182 -0.0617426 0.957348
6.45 5.25531 -3.85636 -0.062347 0.966231
6.467 5.25424 -3.83978 -0.0629718 0.97539
6.484 5.25316 -3.82305 -0.0635789 0.98426
6.5 5.25213 -3.80717 -0.0641341 0.992345
6.517 5.25103 -3.79016 -0.0647084 1.00068
6.534 5.24992 -3.77301 -0.0652665 1.00875
6.55 5.24887 -3.75675 -0.0657771 1.01611
6.567 5.24774 -3.73935 -0.0663055 1.0237
6.584 5.24661 -3.72182 -0.0668192 1.03105
6.6 5.24553 -3.70522 -0.0672894 1.03775
6.617 5.24438 -3.68746 -0.0677761 1.04465
6.634 5.24322 -3.66958 -0.0682496 1.05134
6.65 5.24212 -3.65267 -0.0686832 1.05743
6.667 5.24094 -3.63458 -0.0691322 1.06372
6.684 5.23976 -3.61639 -0.0695692 1.06981
6.7 5.23864 -3.59919 -0.0699695 1.07535
6.717 5.23744 -3.58081 -0.0703843 1.08107
6.734 5.23624 -3.56234 -0.0707882 1.08661
6.75 5.2351 -3.54487 -0.0711584 1.09166
6.767 5.23389 -3.52623 -0.0715422 1.09687
6.784 5.23266 -3.50749 -0.0719161 1.10191
6.8 5.23151 -3.48979 -0.072259 1.10651
6.817 5.23027 -3.4709 -0.0726147 1.11125
6.834 5.22903 -3.45193 -0.0729615 1.11583
6.85 5.22786 -3.43401 -0.0732797 1.12002
6.867 5.22661 -3.41489 -0.0736099 1.12433
6.884 5.22535 -3.39571 -0.073932 1.1285
6.9 5.22416 -3.37759 -0.0742278 1.13231
6.917 5.2229 -3.35828 -0.074535 1.13623
6.934 5.22162 -3.3389 -0.0748348 1.14004
6.95 5.22042 -3.3206 -0.0751104 1.1435
6.967 5.21914 -3.3011 -0.0753966 1.14707
6.984 5.21785 -3.28154 -0.0756763 1.15053
7 5.21664 -3.26308 -0.0759334 1.15368
7.017 5.21534 -3.24341 -0.0762008 1.15693
7.034 5.21404 -3.22369 -0.0764622 1.16008
7.05 5.21282 -3.20509 -0.0767027 1.16295
7.067 5.21151 -3.18527 -0.076953 1.16591
7.084 5.2102 -3.1654 -0.0771979 1.16877
7.1 5.20896 -3.14665 -0.0774234 1.17138
7.117 5.20764 -3.1267 -0.0776582 1.17407
7.134 5.20631 -3.10669 -0.0778881 1.17668
7.15 5.20506 -3.08783 -0.0781 1.17905
7.167 5.20373 -3.06774 -0.0783208 1.1815
7.184 5.2024 -3.04762 -0.0785371 1.18387
7.2 5.20114 -3.02864 -0.0787367 1.18603
7.217 5.1998 -3.00844 -0.0789449 1.18826
7.234 5.19845 -2.9882 -0.079149 1.19042
7.25 5.19718 -2.96912 -0.0793375 1.19239
7.267 5.19583 -2.94882 -0.0795343 1.19442
7.284 5.19447 -2.92848 -0.0797274 1.19638
7.3 5.19319 -2.90931 -0.0799058 1.19817
7.317 5.19183 -2.88891 -0.0800922 1.20001
7.333 5.19055 -2.86968 -0.0802646 1.20169
7.35 5.18918 -2.84922 -0.0804448 1.20343
7.366 5.18789 -2.82994 -0.0806115 1.20501
7.383 5.18652 -2.80943 -0.0807858 1.20664
7.4 5.18514 -2.78889 -0.0809573 1.20821
7.417 5.18376 -2.76833 -0.081126 1.20974
7.434 5.18238 -2.74773 -0.081292 1.21122
7.45 5.18108 -2.72833 -0.0814459 1.21257
7.467 5.17969 -2.7077 -0.0816071 1.21395
7.484 5.1783 -2.68704 -0.0817658 1.2153
7.5 5.17699 -2.66757 -0.081913 1.21653
7.517 5.17559 -2.64687 -0.0820674 1.21779
7.534 5.1742 -2.62615 -0.0822196 1.21901
7.55 5.17288 -2.60662 -0.0823608 1.22013
7.567 5.17148 -2.58586 -0.082509 1.22128
7.584 5.17007 -2.56508 -0.0826553 1.22239
7.6 5.16875 -2.54551 -0.0827912 1.2234
7.617 5.16734 -2.52469 -0.0829339 1.22445
7.634 5.16592 -2.50386 -0.0830749 1.22546
7.65 5.16459 -2.48424 -0.083206 1.22638
7.667 5.16318 -2.46337 -0.0833437 1.22733
7.683 5.16184 -2.44372 -0.0834719 1.2282
7.7 5.16042 -2.42283 -0.0836067 1.22909
7.717 5.159 -2.40192 -0.0837401 1.22996
7.734 5.15757 -2.38099 -0.083872 1.23079
7.75 5.15623 -2.36129 -0.0839949 1.23156
7.767 5.1548 -2.34034 -0.0841243 1.23234
7.784 5.15336 -2.31938 -0.0842524 1.2331
7.8 5.15201 -2.29964 -0.0843719 1.2338
7.817 5.15058 -2.27865 -0.0844977 1.23451
7.833 5.14922 -2.25889 -0.0846151 1.23516
7.85 5.14778 -2.23788 -0.0847389 1.23583
7.866 5.14643 -2.21809 -0.0848543 1.23644
7.883 5.14498 -2.19706 -0.0849761 1.23707
7.9 5.14353 -2.17602 -0.0850969 1.23768
7.917 5.14209 -2.15497 -0.0852168 1.23827
7.934 5.14064 -2.13391 -0.0853358 1.23885
7.95 5.13927 -2.11408 -0.0854471 1.23937
7.967 5.13781 -2.093 -0.0855645 1.2399
7.984 5.13636 -2.07192 -0.0856811 1.24042
8 5.13498 -2.05206 -0.0857902 1.24089
8.017 5.13352 -2.03096 -0.0859054 1.24138
8.034 5.13206 -2.00985 -0.0860199 1.24185
8.05 5.13068 -1.98997 -0.0861271 1.24228
8.067 5.12922 -1.96884 -0.0862404 1.24273
8.084 5.12775 -1.94771 -0.0863531 1.24315
8.1 5.12636 -1.92781 -0.0864586 1.24354
8.117 5.12489 -1.90667 -0.0865702 1.24395
8.134 5.12342 -1.88551 -0.0866813 1.24434
8.15 5.12203 -1.8656 -0.0867853 1.24469
8.167 5.12055 -1.84443 -0.0868955 1.24505
8.184 5.11907 -1.82326 -0.0870051 1.24541
8.2 5.11768 -1.80333 -0.0871079 1.24573
8.217 5.1162 -1.78215 -0.0872168 1.24606
8.234 5.11471 -1.76096 -0.0873252 1.24638
8.25 5.11332 -1.74101 -0.087427 1.24667
8.266 5.11191 -1.72106 -0.0875284 1.24696
8.283 5.11042 -1.69986 -0.0876358 1.24725
8.3 5.10893 -1.67865 -0.0877429 1.24753
8.316 5.10753 -1.65868 -0.0878435 1.24779
8.333 5.10603 -1.63747 -0.08795 1.24805
8.35 5.10454 -1.61625 -0.0880563 1.2483
8.367 5.10304 -1.59502 -0.0881624 1.24855
8.383 5.10162 -1.57504 -0.088262 1.24878
8.4 5.10012 -1.55381 -0.0883676 1.24901
8.417 5.09862 -1.53257 -0.088473 1.24923
8.433 5.0972 -1.51258 -0.088572 1.24944
8.45 5.09569 -1.49133 -0.088677 1.24965
8.467 5.09418 -1.47009 -0.0887819 1.24985
8.483 5.09276 -1.45009 -0.0888805 1.25003
8.5 5.09125 -1.42883 -0.0889851 1.25022
8.516 5.08983 -1.40883 -0.0890834 1.2504
8.533 5.08831 -1.38757 -0.0891878 1.25057
8.55 5.08679 -1.3663 -0.0892921 1.25075
8.566 5.08536 -1.34629 -0.0893901 1.2509
8.583 5.08384 -1.32502 -0.0894942 1.25106
8.599 5.08241 -1.305 -0.0895921 1.25121
8.616 5.08088 -1.28373 -0.0896961 1.25136
8.633 5.07935 -1.26245 -0.0898 1.25151
8.65 5.07783 -1.24118 -0.0899039 1.25165
8.667 5.0763 -1.21989 -0.0900077 1.25178
8.683 5.07485 -1.19986 -0.0901055 1.25191
8.7 5.07332 -1.17858 -0.0902093 1.25203
8.717 5.07179 -1.15729 -0.0903131 1.25215
8.733 5.07034 -1.13726 -0.0904108 1.25227
8.75 5.0688 -1.11597 -0.0905146 1.25238
8.767 5.06726 -1.09467 -0.0906185 1.25249
8.783 5.06581 -1.07463 -0.0907162 1.25259
8.8 5.06426 -1.05334 -0.0908201 1.25269
8.817 5.06272 -1.03204 -0.0909241 1.25279
8.833 5.06126 -1.01199 -0.0910219 1.25288
8.85 5.05971 -0.990693 -0.091126 1.25298
8.866 5.05825 -0.970644 -0.091224 1.25306
8.883 5.0567 -0.94934 -0.0913281 1.25315
8.899 5.05524 -0.929289 -0.0914262 1.25323
8.916 5.05368 -0.907983 -0.0915306 1.25331
8.933 5.05212 -0.886675 -0.091635 1.25338
8.956 5.05001 -0.857845 -0.0917763 1.25348
8.967 5.049 -0.844056 -0.091844 1.25353
8.983 5.04753 -0.823999 -0.0919426 1.2536
8.999 5.04606 -0.80394 -0.0920412 1.25366
9.018 5.04431 -0.780119 -0.0921585 1.25373
9.033 5.04292 -0.761312 -0.0922511 1.25379
9.055 5.04089 -0.733727 -0.0923872 1.25386
9.066 5.03987 -0.719935 -0.0924554 1.2539
9.083 5.0383 -0.698617 -0.0925608 1.25395
9.099 5.03682 -0.678553 -0.0926601 1.254
9.116 5.03524 -0.657234 -0.0927658 1.25406
9.133 5.03366 -0.635914 -0.0928716 1.25411
9.149 5.03217 -0.615848 -0.0929714 1.25415
9.166 5.03059 -0.594527 -0.0930775 1.2542
9.183 5.02901 -0.573205 -0.0931838 1.25424
9.199 5.02752 -0.553136 -0.093284 1.25428
9.216 5.02593 -0.531813 -0.0933906 1.25432
9.233 5.02434 -0.510489 -0.0934974 1.25436
9.249 5.02284 -0.490418 -0.093598 1.25439
9.266 5.02125 -0.469093 -0.0937052 1.25443
9.283 5.01965 -0.447767 -0.0938125 1.25446
9.299 5.01815 -0.427695 -0.0939136 1.25449
9.316 5.01655 -0.406368 -0.0940213 1.25452
9.333 5.01495 -0.385041 -0.0941292 1.25455
9.349 5.01344 -0.364968 -0.0942309 1.25458
9.366 5.01184 -0.343639 -0.0943392 1.25461
9.383 5.01023 -0.322311 -0.0944476 1.25463
9.399 5.00872 -0.302236 -0.0945499 1.25466
9.416 5.00711 -0.280907 -0.0946587 1.25468
9.434 5.00541 -0.258322 -0.0947742 1.2547
9.45 5.00389 -0.238246 -0.0948771 1.25472
9.467 5.00227 -0.216916 -0.0949866 1.25474
9.484 5.00066 -0.195585 -0.0950964 1.25476
9.5 4.99913 -0.175508 -0.0951999 1.25478
9.517 4.99795 -0.154177 -0.0696766 1.2548
9.534 4.99719 -0.132845 -0.0449617 1.25481
9.55 4.99683 -0.112768 -0.0224395 1.25483
9.567 4.99684 -0.0914353 0.000772757 1.25484
9.583 4.99719 -0.0713577 0.0219212 1.25485
9.599 4.99787 -0.0512799 0.0424312 1.25486
9.616 4.99895 -0.0299472 0.0635632 1.25487
9.633 5.00038 -0.00861436 0.0840127 1.25487
9.65 5.00168 0.0127185 0.0767227 1.25488
9.667 5.00287 0.0340514 0.0696448 1.25488
9.683 5.00388 0.0541295 0.0631768 1.25488
9.7 5.00484 0.0754623 0.0564927 1.25487
9.717 5.00569 0.0967951 0.0500027 1.25487
9.733 5.00639 0.116873 0.0440721 1.25486
9.75 5.00704 0.138205 0.037943 1.25485
9.767 5.00758 0.159538 0.031992 1.25485
9.783 5.00801 0.179615 0.0265536 1.25484
9.8 5.00836 0.200947 0.0209333 1.25482
9.817 5.00863 0.222279 0.0154761 1.25481
9.834 5.0088 0.24361 0.0101772 1.25479
9.85 5.00888 0.263687 0.00533482 1.25478
9.867 5.00889 0.285018 0.0003302 1.25476
9.883 5.00882 0.305094 -0.00424341 1.25475
9.9 5.00869 0.326424 -0.00752656 1.25473
9.917 5.00851 0.347754 -0.0107182 1.25471
9.934 5.00828 0.369084 -0.0138211 1.25469
9.951 5.00799 0.390413 -0.0168378 1.25467
9.967 5.00768 0.410488 -0.0195982 1.25465
9.984 5.0073 0.431816 -0.0224548 1.25462
10 5.00689 0.45189 -0.025069 1.2546
10.017 5.00642 0.473218 -0.0277744 1.25458
10.034 5.00591 0.494545 -0.0304053 1.25455
10.05 5.00538 0.514618 -0.0328133 1.25453
10.067 5.00478 0.535944 -0.0353057 1.2545
10.083 5.00418 0.556016 -0.0375871 1.25448
10.1 5.0035 0.577342 -0.0399488 1.25445
10.116 5.00283 0.597412 -0.0421108 1.25443
10.133 5.00207 0.618737 -0.0443491 1.2544
10.15 5.00128 0.640062 -0.0465265 1.25437
10.167 5.00045 0.661385 -0.0486448 1.25435
10.184 4.99959 0.682709 -0.0507057 1.25432
10.2 4.99914 0.702778 -0.0284677 1.25429
10.217 4.99904 0.7241 -0.00555015 1.25426
10.234 4.99933 0.745422 0.0166329 1.25423
10.25 4.99991 0.765489 0.0368393 1.2542
10.267 5.0009 0.78681 0.057656 1.25417
10.283 5.00171 0.806876 0.0511297 1.25414
10.3 5.00247 0.828196 0.0443836 1.25411
10.317 5.00311 0.849515 0.037832 1.25407
10.334 5.00365 0.870834 0.0314694 1.25403
10.35 5.00406 0.890898 0.0256536 1.254
10.367 5.00439 0.912215 0.0196418 1.25396
10.383 5.00462 0.932278 0.0141467 1.25392
10.4 5.00476 0.953594 0.00846637 1.25388
10.416 5.00481 0.973655 0.00327412 1.25384
10.433 5.00478 0.99497 -0.00209321 1.2538
10.45 5.00468 1.01628 -0.00586218 1.25376
10.467 5.00452 1.0376 -0.00952674 1.25371
10.484 5.00429 1.05891 -0.0130899 1.25367
10.499 5.00405 1.07771 -0.0161471 1.25363
10.516 5.00372 1.09902 -0.0195276 1.25359
10.533 5.00333 1.12034 -0.022815 1.25354
10.55 5.00289 1.14164 -0.026012 1.2535
10.567 5.00239 1.16295 -0.0291213 1.25345
10.584 5.00185 1.18426 -0.0321454 1.2534
10.6 5.00129 1.20431 -0.0349137 1.25336
10.617 5.00065 1.22562 -0.0377795 1.25331
10.634 4.99996 1.24693 -0.0405671 1.25327
10.65 4.99965 1.26698 -0.0189945 1.25322
10.667 4.99971 1.28828 0.00323441 1.25318
10.683 5.00008 1.30833 0.0234819 1.25313
10.7 5.00038 1.32963 0.0172634 1.25308
10.717 5.00057 1.35094 0.0112232 1.25303
10.734 5.00066 1.37224 0.00535598 1.25298
10.75 5.00066 1.39228 -7.91417e-06 1.25293
10.767 5.00059 1.41358 -0.00410942 1.25288
10.784 5.00045 1.43488 -0.00809776 1.25283
10.8 5.00026 1.45493 -0.0117481 1.25278
10.817 5 1.47622 -0.0155261 1.25273
10.833 5.00008 1.49626 0.00514064 1.25267
10.85 5.00007 1.51756 -0.000644531 1.25262
10.866 5 1.5376 -0.0045746 1.25257
10.883 5.00029 1.55889 0.0169907 1.25251
10.9 5.00047 1.58018 0.0107816 1.25245
10.917 5.00055 1.60148 0.00474985 1.2524
10.934 5.00053 1.62277 -0.00110966 1.25234
10.95 5.00045 1.6428 -0.00510793 1.25228
10.967 5.00029 1.66409 -0.00924615 1.25222
10.984 5.00007 1.68538 -0.0132707 1.25216
11 4.99979 1.70541 -0.0169546 1.2521
11.017 4.99988 1.72669 0.00486492 1.25204
11.034 5.00032 1.74798 0.0259792 1.25198
11.05 5.00063 1.76801 0.0197225 1.25192
11.067 5.00086 1.78929 0.0132529 1.25186
11.084 5.00098 1.81057 0.00696756 1.25179
11.1 5.001 1.8306 0.00122035 1.25173
11.116 5.00093 1.85063 -0.00437296 1.25167
11.133 5.00078 1.8719 -0.00871268 1.2516
11.15 5.00056 1.89318 -0.0129335 1.25153
11.167 5.00027 1.91445 -0.0170389 1.25147
11.184 4.99991 1.93573 -0.0210321 1.2514
11.2 4.9999 1.95575 -0.000562927 1.25133
11.217 5.00025 1.97702 0.0205233 1.25126
11.234 5.00049 1.99829 0.0138476 1.25119
11.25 5.00061 2.01831 0.00774294 1.25113
11.267 5.00064 2.03958 0.00142993 1.25105
11.283 5.00057 2.05959 -0.00434317 1.25098
11.3 5.00042 2.08086 -0.00886934 1.25091
11.317 5.00019 2.10212 -0.0132719 1.25084
11.333 4.99991 2.12213 -0.0173024 1.25077
11.349 4.99996 2.14215 0.00289537 1.25069
11.366 5.00036 2.16341 0.0237004 1.25062
11.383 5.00065 2.18467 0.0167509 1.25054
11.4 5.00082 2.20592 0.00999808 1.25046
11.417 5.00088 2.22718 0.00343632 1.25038
11.433 5.00083 2.24718 -0.00256481 1.25031
11.449 5.00072 2.26719 -0.00704717 1.25023
11.466 5.00052 2.28844 -0.0116875 1.25015
11.483 5.00025 2.30969 -0.0162016 1.25007
11.5 4.9999 2.33094 -0.0205931 1.24999
11.517 4.99991 2.35219 0.000767461 1.2499
11.534 5.00027 2.37344 0.021434 1.24982
11.55 5.00051 2.39343 0.0147659 1.24974
11.567 5.00064 2.41468 0.0078691 1.24965
11.584 5.00066 2.43592 0.00116669 1.24956
11.6 5.00059 2.45591 -0.00496371 1.24948
11.617 5.00042 2.47715 -0.00986054 1.24939
11.634 5.00017 2.49839 -0.0146244 1.2493
11.65 4.99987 2.51838 -0.0189866 1.24922
11.667 4.9999 2.53961 0.00212951 1.24913
11.684 5.00028 2.56085 0.0225578 1.24903
11.7 5.00054 2.58083 0.0156712 1.24895
11.717 5.00068 2.60206 0.00854767 1.24885
11.734 5.00071 2.62329 0.00162424 1.24876
11.75 5.00063 2.64327 -0.00470894 1.24867
11.767 5.00047 2.66449 -0.00981614 1.24857
11.784 5.00022 2.68572 -0.0147851 1.24847
11.8 4.99991 2.70569 -0.0193355 1.24838
11.816 4.99991 2.72566 0.000354666 1.24828
11.833 5.00026 2.74688 0.0206328 1.24818
11.85 5.00049 2.7681 0.0131691 1.24808
11.866 5.00059 2.78807 0.00634105 1.24798
11.883 5.00058 2.80928 -0.000722632 1.24788
11.9 5.00047 2.83049 -0.0061446 1.24777
11.917 5.00028 2.8517 -0.0114202 1.24767
11.934 5 2.87291 -0.0165535 1.24756
11.951 5.00006 2.89412 0.00408405 1.24745
11.967 5.00002 2.91408 -0.00261239 1.24735
11.984 4.99989 2.93528 -0.00809635 1.24724
12 5.00006 2.95523 0.0110063 1.24713
12.017 5.00012 2.97643 0.00359885 1.24702
12.034 5.00006 2.99763 -0.00360206 1.24691
12.05 4.99992 3.01758 -0.00883137 1.2468
12.068 5.00015 3.04002 0.0125751 1.24668
12.083 5.00024 3.05872 0.00590137 1.24657
12.099 5.00022 3.07866 -0.00104253 1.24646
12.116 5.0001 3.09985 -0.0067832 1.24634
12.133 4.99989 3.12103 -0.0123697 1.24622
12.15 5.00003 3.14222 0.00782636 1.2461
12.167 5.00003 3.1634 0.000280999 1.24597
12.184 4.99991 3.18458 -0.00705485 1.24585
12.2 5.0001 3.20451 0.0117166 1.24573
12.217 5.00016 3.22569 0.00396533 1.2456
12.234 5.0001 3.24686 -0.00357101 1.24547
12.251 4.99994 3.26803 -0.00945439 1.24534
12.267 5.00009 3.28795 0.00928136 1.24522
12.284 5.00012 3.30912 0.00149278 1.24508
12.3 5.00003 3.32904 -0.00563479 1.24496
12.318 4.99981 3.35145 -0.0119156 1.24481
12.333 4.9999 3.37012 0.00561558 1.24469
12.35 5.00032 3.39127 0.024905 1.24455
12.367 5.0006 3.41243 0.0164769 1.24441
12.383 5.00074 3.43234 0.00876342 1.24428
12.4 5.00075 3.45349 0.000780656 1.24413
12.417 5.00064 3.47464 -0.00698198 1.24399
12.433 5.00043 3.49454 -0.0127275 1.24385
12.45 5.00011 3.51568 -0.0186794 1.2437
12.467 4.9997 3.53682 -0.0244734 1.24355
12.483 4.99961 3.55672 -0.00565683 1.24341
12.5 4.99984 3.57785 0.0137138 1.24325
12.517 5.00039 3.59898 0.03244 1.2431
12.533 5.00078 3.61887 0.0239909 1.24295
12.55 5.00104 3.64 0.0152456 1.24279
12.567 5.00115 3.66112 0.00674036 1.24263
12.583 5.00113 3.681 -0.00104505 1.24247
12.599 5.00102 3.70088 -0.00727056 1.24232
12.616 5.00078 3.722 -0.0137204 1.24215
12.633 5.00044 3.74311 -0.0199997 1.24198
12.65 5 3.76422 -0.0261134 1.24181
12.667 4.99989 3.78533 -0.00643322 1.24164
12.684 5.0001 3.80643 0.0125931 1.24147
12.7 5.00017 3.82629 0.00441729 1.2413
12.717 5.00011 3.84739 -0.00404636 1.24112
12.733 4.99994 3.86725 -0.0104357 1.24095
12.75 5.00009 3.88834 0.0085767 1.24077
12.767 5.00008 3.90943 -0.000124177 1.24059
12.783 4.99998 3.92928 -0.00673108 1.24041
12.8 5.00018 3.95036 0.0120556 1.24022
12.817 5.00023 3.97144 0.00313478 1.24003
12.834 5.00014 3.99252 -0.00554358 1.23984
12.85 4.99995 4.01235 -0.0121304 1.23965
12.867 5.00006 4.03342 0.00667652 1.23946
12.884 5.00002 4.05449 -0.0022253 1.23925
12.9 4.99988 4.07432 -0.00901718 1.23906
12.917 5.00004 4.09538 0.00957709 1.23886
12.934 5.00005 4.11643 0.000467828 1.23865
12.95 4.99992 4.13625 -0.00787361 1.23845
12.967 5.0001 4.1573 0.010566 1.23824
12.984 5.00012 4.17835 0.00130576 1.23802
13 5.00001 4.19815 -0.0071744 1.23782
13.017 4.99976 4.21919 -0.0145117 1.2376
13.034 4.99983 4.24023 0.00397505 1.23738
13.05 5.00016 4.26002 0.0207861 1.23716
13.067 5.00035 4.28105 0.0109986 1.23693
13.083 5.00038 4.30084 0.00203474 1.23671
13.099 5.00027 4.32062 -0.00670233 1.23649
13.116 5.00003 4.34164 -0.0143067 1.23625
13.133 4.99966 4.36265 -0.0217137 1.23601
13.15 4.99961 4.38366 -0.00329592 1.23577
13.167 4.99985 4.40466 0.0144976 1.23552
13.184 5.00039 4.42566 0.031683 1.23527
13.2 5.00074 4.44542 0.0218165 1.23503
13.217 5.00094 4.46641 0.0115972 1.23477
13.234 5.00097 4.4874 0.00165108 1.23451
13.25 5.00085 4.50715 -0.00745991 1.23426
13.267 5.00058 4.52812 -0.0154532 1.23399
13.284 5.00019 4.5491 -0.0232404 1.23372
13.3 4.9997 4.56883 -0.0303811 1.23346
13.317 4.9995 4.5898 -0.0121518 1.23318
13.334 4.99959 4.61076 0.00545635 1.2329
13.35 4.99993 4.63048 0.0214592 1.23263
13.367 5.00058 4.65143 0.0379077 1.23234
13.384 5.00103 4.67237 0.0267046 1.23205
13.4 5.00129 4.69208 0.0164402 1.23176
13.417 5.00139 4.71301 0.00580622 1.23146
13.434 5.00132 4.73394 -0.00454623 1.23115
13.45 5.00111 4.75364 -0.0126729 1.23085
13.467 5.00075 4.77456 -0.0210998 1.23054
13.484 5.00026 4.79547 -0.0293117 1.23022
13.5 4.99967 4.81515 -0.0368439 1.22991
13.517 4.99934 4.83605 -0.0190225 1.22959
13.534 4.99931 4.85695 -0.00181411 1.22926
13.55 4.99953 4.87661 0.0138199 1.22894
13.567 5.00004 4.8975 0.0298834 1.2286
13.583 5.00034 4.91715 0.0189833 1.22827
13.6 5.00048 4.93803 0.00768794 1.22792
13.616 5.00043 4.95767 -0.00266426 1.22758
13.633 5.00023 4.97853 -0.0119483 1.22722
13.65 4.99987 4.99939 -0.0209973 1.22685
13.667 4.9998 5.02024 -0.00418489 1.22648
13.684 5.00001 5.04108 0.0120386 1.2261
13.7 5.00003 5.06069 0.00128329 1.22574
13.717 4.99986 5.08152 -0.00986391 1.22535
13.734 4.99997 5.10235 0.00635614 1.22496
13.75 5.0003 5.12194 0.021081 1.22458
13.767 5.00046 5.14275 0.0091224 1.22417
13.784 5.00042 5.16356 -0.00252569 1.22376
13.8 5.00023 5.18313 -0.0118451 1.22336
13.817 4.99986 5.20392 -0.0215134 1.22293
13.834 4.99977 5.2247 -0.00530696 1.2225
13.85 4.99992 5.24426 0.00940384 1.22209
13.868 5.00038 5.26624 0.0253938 1.22162
13.884 5.0006 5.28578 0.0135763 1.22119
13.9 5.00063 5.30532 0.00204542 1.22075
13.917 5.00046 5.32606 -0.00990934 1.22028
13.934 5.00012 5.3468 -0.0201125 1.21981
13.95 4.99965 5.36631 -0.029477 1.21935
13.967 4.99942 5.38703 -0.0135617 1.21887
13.984 4.99945 5.40774 0.00178236 1.21837
14 4.9997 5.42723 0.0156994 1.2179
14.017 5.00021 5.44792 0.0299749 1.21739
14.034 5.00049 5.46861 0.0166429 1.21686
14.05 5.00056 5.48807 0.00441529 1.21636
14.067 5.00042 5.50874 -0.00826493 1.21582
14.083 5.00012 5.52818 -0.0185363 1.2153
14.1 4.99963 5.54883 -0.029197 1.21475
14.116 4.99939 5.56826 -0.0148592 1.21422
14.133 4.99939 5.58889 -0.00014953 1.21364
14.149 4.9996 5.6083 0.0131825 1.2131
14.166 5.00006 5.62892 0.0268479 1.2125
14.183 5.00028 5.64952 0.0129174 1.2119
14.2 5.00026 5.67011 -0.000661426 1.21128
14.217 5.00005 5.69069 -0.0124537 1.21066
14.234 4.99964 5.71126 -0.0239585 1.21002
14.25 4.99948 5.73061 -0.010398 1.20941
14.267 4.99954 5.75116 0.00350219 1.20876
14.284 4.99983 5.7717 0.0168749 1.20809
14.3 5.00029 5.79102 0.0289762 1.20745
14.317 5.00053 5.81153 0.0142845 1.20675
14.334 5.00053 5.83204 -4.01795e-05 1.20605
14.35 5.00034 5.85132 -0.0118266 1.20537
14.367 4.99993 5.8718 -0.0240654 1.20464
14.384 4.99976 5.89227 -0.0103767 1.20389
14.4 4.99979 5.91152 0.00201219 1.20318
14.417 5.00004 5.93196 0.0146928 1.20241
14.434 5.00003 5.95239 -0.000205118 1.20163
14.45 4.99983 5.9716 -0.0125205 1.20088
14.467 4.99984 5.992 0.000321961 1.20006
14.484 5.00005 6.01239 0.0126573 1.19924
14.5 5.00003 6.03156 -0.0016831 1.19844
14.517 4.99977 6.05192 -0.015123 1.19758
14.534 4.99973 6.07227 -0.00261001 1.19671
14.55 4.99987 6.0914 0.00869524 1.19587
14.567 5.00021 6.11171 0.0202465 1.19496
14.583 5.00029 6.13082 0.00518368 1.19409
14.6 5.00012 6.1511 -0.0104527 1.19315
14.617 4.9997 6.17137 -0.0242636 1.19219
14.634 4.9995 6.19162 -0.0121158 1.19121
14.65 4.99948 6.21067 -0.001149 1.19027
14.667 4.99965 6.23088 0.0100477 1.18926
14.684 5 6.25108 0.0207707 1.18822
14.7 5.00008 6.27008 0.00494306 1.18723
14.717 4.99989 6.29024 -0.0114913 1.18615
14.734 4.99988 6.31039 -0.000452126 1.18505
14.75 5.00003 6.32933 0.00949312 1.184
14.768 4.99988 6.35062 -0.00844795 1.18279
14.784 4.9999 6.36953 0.00149449 1.18169
14.8 5.00008 6.38842 0.0110271 1.18057
14.817 4.99997 6.40847 -0.00634763 1.17935
14.834 5.00003 6.4285 0.00377004 1.17812
14.852 4.99977 6.44968 -0.0146675 1.17678
14.867 4.99968 6.46731 -0.00575273 1.17564
14.883 4.99974 6.4861 0.00337873 1.1744
14.899 4.99993 6.50487 0.0121151 1.17314
14.916 5.00029 6.52479 0.0209863 1.17177
14.933 5.00033 6.54469 0.0023531 1.17037
14.95 5.00006 6.56456 -0.0158392 1.16894
14.967 4.99951 6.58441 -0.0321578 1.16748
14.983 4.99914 6.60307 -0.0230403 1.16609
15 4.99891 6.62286 -0.0137761 1.16457
15.017 4.99883 6.64264 -0.00495257 1.16303
15.033 4.99887 6.66122 0.00294636 1.16154
15.05 4.99906 6.68094 0.0109424 1.15993
15.067 4.99937 6.70063 0.0185254 1.15828
15.083 4.99978 6.71914 0.0252821 1.1567
15.099 5.00029 6.73762 0.0316888 1.15507
15.116 5.00047 6.75723 0.0110551 1.1533
15.133 5.00032 6.7768 -0.00909833 1.1515
15.15 4.99985 6.79634 -0.0273394 1.14965
15.167 4.99952 6.81586 -0.019537 1.14776
15.184 4.99931 6.83534 -0.0121477 1.14584
15.204 4.99924 6.85821 -0.00392995 1.14353
15.217 4.99925 6.87305 0.00105525 1.14198
15.238 4.99943 6.89698 0.00874463 1.13945
15.25 4.99959 6.91064 0.0128073 1.13796
15.27 4.99997 6.93335 0.0192724 1.13543
15.283 5.00027 6.94808 0.0231472 1.13373
15.3 5.00029 6.96732 0.000867012 1.13148
15.317 4.99993 6.98652 -0.020902 1.12917
15.333 4.99969 7.00455 -0.0154373 1.12695
15.35 4.99952 7.02366 -0.00998215 1.12455
15.367 4.99943 7.04274 -0.00489265 1.12209
15.383 4.99943 7.06065 -0.000439328 1.11972
15.4 4.99949 7.07965 0.00396292 1.11714
15.417 4.99963 7.09859 0.00802214 1.11451
15.433 4.99981 7.11638 0.0115267 1.11196
15.45 5.00007 7.13524 0.0149414 1.1092
15.467 4.99991 7.15405 -0.00904222 1.10637
15.483 4.99982 7.17171 -0.00561783 1.10364
15.5 4.99979 7.19042 -0.00228755 1.10068
15.517 4.9998 7.20908 0.000722004 1.09765
15.533 4.99985 7.22659 0.00325934 1.09473
15.55 4.99995 7.24515 0.00566673 1.09155
15.567 5.00008 7.26365 0.00777394 1.0883
15.587 4.99964 7.28534 -0.0219472 1.08438
15.6 4.99938 7.2994 -0.0200436 1.08176
15.618 4.99906 7.31881 -0.0176525 1.07808
15.633 4.99882 7.33493 -0.0159377 1.07493
15.65 4.99858 7.35314 -0.0142499 1.07129
15.667 4.99836 7.37129 -0.0128461 1.06757
15.683 4.99817 7.38832 -0.0117858 1.06398
15.7 4.99799 7.40634 -0.0109138 1.06008
15.717 4.99781 7.42429 -0.0103062 1.0561
15.733 4.99765 7.44113 -0.00997706 1.05225
15.75 4.99749 7.45894 -0.00986393 1.04808
15.767 4.99732 7.47669 -0.00999619 1.04381
15.784 4.99714 7.49436 -0.0103675 1.03944
15.8 4.99696 7.51092 -0.0109359 1.03523
15.817 4.99676 7.52844 -0.011753 1.03065
15.833 4.99656 7.54486 -0.0127295 1.02625
15.849 4.99634 7.56121 -0.013896 1.02175
15.866 4.99608 7.5785 -0.0153316 1.01686
15.883 4.99579 7.5957 -0.01697 1.01186
15.9 4.99547 7.61281 -0.018805 1.00675
15.917 4.99512 7.62984 -0.0208304 1.00153
15.934 4.99472 7.64678 -0.0230403 0.996183
15.95 4.99432 7.66263 -0.025288 0.991043
15.967 4.99385 7.67939 -0.0278384 0.985468
15.984 4.99333 7.69604 -0.0305554 0.979773
16 4.99279 7.71163 -0.0332638 0.974297
16.017 4.99218 7.72809 -0.0362869 0.968363
16.034 4.99151 7.74445 -0.039459 0.962305
16.05 4.99083 7.75976 -0.0425791 0.956485
16.067 4.99004 7.77591 -0.0460232 0.950182
16.084 4.9892 7.79195 -0.0495987 0.943753
16.1 4.98835 7.80695 -0.053082 0.937582
16.117 4.98738 7.82278 -0.0568955 0.930905
16.133 4.98641 7.83757 -0.0605921 0.9245
16.15 4.98532 7.85317 -0.0646215 0.917573
16.167 4.98415 7.86865 -0.0687535 0.910517
16.184 4.98291 7.88401 -0.0729823 0.903333
16.2 4.98167 7.89835 -0.0770479 0.89645
16.217 4.98029 7.91346 -0.0814479 0.889016
16.233 4.97892 7.92757 -0.0856642 0.881898
16.25 4.97738 7.94243 -0.0902138 0.874215
16.266 4.97587 7.9563 -0.0945604 0.866865
16.283 4.97418 7.97091 -0.0992382 0.858936
16.302 4.9722 7.98705 -0.104531 0.849934
16.317 4.97057 7.99969 -0.108761 0.842704
16.333 4.96875 8.01305 -0.113311 0.83489
16.349 4.96687 8.02628 -0.117898 0.826967
16.366 4.96478 8.0402 -0.122806 0.818436
16.383 4.96261 8.05396 -0.127745 0.809785
16.4 4.96035 8.06758 -0.13271 0.801016
16.417 4.95801 8.08105 -0.137697 0.792132
16.434 4.95559 8.09436 -0.142698 0.783133
16.45 4.95323 8.10675 -0.147416 0.774559
16.467 4.95064 8.11976 -0.152435 0.765346
16.484 4.94796 8.13262 -0.157455 0.756025
16.5 4.94536 8.14457 -0.162176 0.747154
16.517 4.94252 8.15711 -0.167185 0.737632
16.534 4.9396 8.16949 -0.172182 0.728011
16.55 4.93677 8.18099 -0.176869 0.718864
16.567 4.93367 8.19304 -0.18183 0.709057
16.584 4.9305 8.20493 -0.186766 0.699159
16.6 4.92744 8.21596 -0.191384 0.68976
16.617 4.9241 8.22752 -0.19626 0.679695
16.634 4.92068 8.2389 -0.201099 0.669548
16.65 4.91739 8.24946 -0.205616 0.659925
16.667 4.91382 8.2605 -0.210374 0.649629
16.683 4.91038 8.27074 -0.214808 0.639873
16.7 4.90665 8.28144 -0.219472 0.629444
16.717 4.90284 8.29196 -0.224083 0.61895
16.734 4.89895 8.30231 -0.228637 0.608397
16.75 4.89523 8.31188 -0.232868 0.598412
16.767 4.89119 8.32187 -0.237306 0.587754
16.784 4.88708 8.33168 -0.241679 0.577048
16.801 4.8829 8.34131 -0.245985 0.566297
16.818 4.87865 8.35075 -0.250222 0.555506
16.833 4.87484 8.35894 -0.253898 0.545954
16.849 4.87071 8.36751 -0.257758 0.535737
16.866 4.86626 8.37644 -0.261789 0.524856
16.883 4.86175 8.38517 -0.265744 0.51395
16.9 4.85716 8.39373 -0.269621 0.503024
16.916 4.85279 8.40161 -0.273195 0.492726
16.938 4.84668 8.41214 -0.278011 0.478553
16.949 4.84359 8.41732 -0.280349 0.471461
16.967 4.83848 8.4256 -0.28412 0.459854
16.984 4.83359 8.43323 -0.287592 0.448893
17 4.82894 8.44025 -0.29078 0.438582
17.017 4.82394 8.44752 -0.294087 0.427635
17.034 4.81888 8.4546 -0.297309 0.416701
17.05 4.81408 8.46111 -0.30026 0.406427
17.067 4.80892 8.46783 -0.303315 0.39553
17.084 4.80372 8.47437 -0.306283 0.384659
17.1 4.79877 8.48036 -0.308995 0.374455
17.117 4.79347 8.48654 -0.311795 0.363645
17.134 4.78812 8.49254 -0.314509 0.352871
17.15 4.78305 8.49803 -0.316982 0.34277
17.167 4.77762 8.50367 -0.31953 0.332079
17.184 4.77215 8.50914 -0.321993 0.321437
17.202 4.7663 8.51472 -0.324511 0.310224
17.22 4.76042 8.5201 -0.326936 0.299075
17.234 4.75582 8.52417 -0.32875 0.290455
17.25 4.75053 8.52866 -0.330759 0.280652
17.267 4.74487 8.53326 -0.332818 0.270299
17.283 4.73951 8.53743 -0.33468 0.26062
17.301 4.73345 8.54192 -0.336696 0.249804
17.317 4.72804 8.54577 -0.338411 0.240266
17.333 4.7226 8.54946 -0.340058 0.230798
17.349 4.71713 8.553 -0.341638 0.221403
17.366 4.7113 8.5566 -0.343248 0.211501
17.383 4.70544 8.56003 -0.344785 0.201687
17.399 4.6999 8.56311 -0.346165 0.192537
17.416 4.69399 8.56621 -0.347565 0.182903
17.433 4.68806 8.56916 -0.348897 0.173367
17.449 4.68246 8.57179 -0.350089 0.164485
17.466 4.67648 8.57443 -0.351294 0.155145
17.483 4.67049 8.57691 -0.352436 0.14591
17.5 4.66448 8.57924 -0.353516 0.136783
17.517 4.65846 8.58141 -0.354537 0.127767
17.534 4.65241 8.58343 -0.3555 0.118863
17.55 4.64671 8.5852 -0.356354 0.110592
17.567 4.64064 8.58693 -0.35721 0.101915
17.583 4.63491 8.58843 -0.357966 0.0938605
17.599 4.62917 8.58981 -0.358677 0.0859144
17.616 4.62306 8.59113 -0.359388 0.0775883
17.633 4.61694 8.59231 -0.360051 0.0693888
17.649 4.61117 8.5933 -0.360632 0.0617926
17.666 4.60503 8.59421 -0.36121 0.0538443
17.683 4.59888 8.59499 -0.361746 0.0460285
17.7 4.59272 8.59565 -0.362242 0.0383474
17.716 4.58692 8.59615 -0.362674 0.0312467
17.733 4.58075 8.59655 -0.3631 0.0238321
17.749 4.57493 8.59682 -0.363468 0.0169856
17.766 4.56875 8.59699 -0.363829 0.00984456
17.783 4.56256 8.59704 -0.364161 0.0028473
17.8 4.55636 8.59697 -0.364464 -0.00400445
17.817 4.55016 8.59679 -0.36474 -0.010709
17.833 4.54432 8.59652 -0.364977 -0.0168789
17.849 4.53848 8.59615 -0.365193 -0.0229158
17.866 4.53226 8.59566 -0.365403 -0.0291871
17.883 4.52605 8.59506 -0.365594 -0.0353048
17.9 4.51983 8.59435 -0.365767 -0.0412671
17.916 4.51398 8.59361 -0.365914 -0.0467309
17.933 4.50775 8.59272 -0.366057 -0.0523875
17.95 4.50153 8.59173 -0.366187 -0.0578841
17.967 4.4953 8.59066 -0.366305 -0.0632192
17.984 4.48907 8.58949 -0.366414 -0.0683912
18.001 4.48284 8.58825 -0.366515 -0.0733986
18.018 4.47661 8.58692 -0.366608 -0.07824
18.033 4.47111 8.58568 -0.366687 -0.082364
18.05 4.46487 8.5842 -0.366771 -0.0868893
18.067 4.45864 8.58265 -0.366854 -0.0912441
18.083 4.45277 8.58113 -0.36693 -0.0951811
18.1 4.44653 8.57944 -0.36701 -0.0992011
18.117 4.44029 8.57769 -0.367091 -0.103046
18.133 4.43441 8.57599 -0.36717 -0.106499
18.15 4.42817 8.57412 -0.367256 -0.110001
18.167 4.42192 8.57219 -0.367347 -0.113323
18.183 4.41605 8.57033 -0.367437 -0.11628
18.2 4.4098 8.5683 -0.367538 -0.11925
18.217 4.40355 8.56623 -0.367647 -0.122036
18.234 4.3973 8.56411 -0.367762 -0.124637
18.25 4.39141 8.56208 -0.367879 -0.126909
18.267 4.38515 8.55989 -0.368011 -0.129145
18.283 4.37926 8.55779 -0.368145 -0.131071
18.3 4.373 8.55553 -0.368296 -0.132937
18.317 4.36674 8.55324 -0.368458 -0.134609
18.333 4.36084 8.55106 -0.36862 -0.135999
18.349 4.35494 8.54887 -0.368792 -0.137216
18.366 4.34867 8.54652 -0.368985 -0.138322
18.383 4.34239 8.54415 -0.369189 -0.139228
18.399 4.33648 8.54191 -0.369391 -0.13989
18.416 4.3302 8.53952 -0.369616 -0.140403
18.433 4.32391 8.53713 -0.369853 -0.140711
18.45 4.31762 8.53474 -0.370099 -0.140812
18.467 4.31132 8.53235 -0.370356 -0.140704
18.483 4.30539 8.5301 -0.370607 -0.140404
18.5 4.29909 8.52772 -0.370881 -0.139886
18.517 4.29278 8.52535 -0.371164 -0.139153
18.533 4.28683 8.52314 -0.371437 -0.13826
18.55 4.28051 8.52081 -0.371733 -0.137107
18.567 4.27419 8.5185 -0.372034 -0.135734
18.583 4.26823 8.51636 -0.372322 -0.134233
18.6 4.2619 8.5141 -0.372629 -0.132428
18.617 4.25556 8.51189 -0.372939 -0.130398
18.633 4.24959 8.50984 -0.373229 -0.128274
18.65 4.24324 8.5077 -0.373536 -0.125803
18.667 4.23688 8.5056 -0.373838 -0.1231
18.683 4.2309 8.50368 -0.374118 -0.120338
18.7 4.22453 8.50169 -0.374407 -0.117183
18.717 4.21816 8.49975 -0.374685 -0.113793
18.733 4.21216 8.49799 -0.374935 -0.110379
18.749 4.20616 8.49628 -0.375171 -0.106753
18.766 4.19978 8.49453 -0.375405 -0.102674
18.783 4.19339 8.49286 -0.375618 -0.0983535
18.799 4.18738 8.49136 -0.375795 -0.0940581
18.816 4.18099 8.48984 -0.375958 -0.0892638
18.833 4.17459 8.48841 -0.37609 -0.0842237
18.85 4.1682 8.48707 -0.376188 -0.0789366
18.866 4.16218 8.48589 -0.376244 -0.073727
18.883 4.15578 8.48473 -0.376264 -0.0679569
18.899 4.14976 8.48373 -0.37624 -0.062291
18.916 4.14337 8.48278 -0.376167 -0.0560347
18.933 4.13697 8.48194 -0.37604 -0.049527
18.949 4.13096 8.48125 -0.375865 -0.0431652
18.966 4.12458 8.48063 -0.375619 -0.0361679
18.983 4.1182 8.48014 -0.375305 -0.0289185
19 4.11182 8.47978 -0.374918 -0.0214171
19.017 4.10546 8.47955 -0.374453 -0.0136639
19.034 4.0991 8.47945 -0.373904 -0.00565898
19.05 4.09313 8.47948 -0.373304 0.00211114
19.067 4.08679 8.47966 -0.372577 0.0106037
19.083 4.08084 8.47996 -0.371799 0.0188311
19.099 4.07491 8.4804 -0.370927 0.0272796
19.116 4.06862 8.48102 -0.369896 0.0364898
19.133 4.06235 8.4818 -0.368749 0.0459452
19.15 4.05611 8.48275 -0.367478 0.0556439
19.167 4.04988 8.48386 -0.366079 0.0655839
19.183 4.04405 8.48507 -0.364634 0.0751646
19.2 4.03788 8.48652 -0.362964 0.0855714
19.217 4.03174 8.48816 -0.361146 0.096215
19.248 4.02066 8.49175 -0.357546 0.116054
19.25 4.01994 8.49199 -0.357288 0.11736
19.267 4.0139 8.49417 -0.355067 0.128497
19.283 4.00826 8.4964 -0.352827 0.139163
19.299 4.00265 8.4988 -0.35044 0.150003
19.316 3.99674 8.50155 -0.347748 0.161687
19.333 3.9921 8.50392 -0.272961 0.139534
19.352 3.98845 8.5061 -0.192338 0.114863
19.366 3.98655 8.50745 -0.135396 0.0965875
19.383 3.98539 8.50872 -0.0684264 0.0742637
19.402 3.98545 8.50965 0.00336259 0.0488745
19.416 3.9862 8.51006 0.0535682 0.0295054
19.433 3.9881 8.51015 0.111942 0.00514419
19.449 3.99072 8.50984 0.163381 -0.0193044
19.466 3.99435 8.50903 0.213448 -0.0476303
19.483 3.99869 8.50767 0.255748 -0.0798459
19.5 4.00349 8.50569 0.282275 -0.116549
19.516 4.00798 8.50337 0.280576 -0.145001
19.533 4.01245 8.50072 0.262986 -0.155901
19.549 4.01636 8.49826 0.244066 -0.153437
19.567 4.02038 8.49567 0.223573 -0.143876
19.583 4.02369 8.49356 0.206569 -0.131839
19.599 4.02674 8.49167 0.190559 -0.118115
19.616 4.0297 8.48993 0.174457 -0.102569
19.633 4.03241 8.48846 0.159167 -0.0865675
19.65 4.03487 8.48726 0.144556 -0.0704967
19.667 4.03709 8.48633 0.130513 -0.0546246
19.684 4.03907 8.48567 0.116948 -0.0391473
19.701 4.04084 8.48525 0.103789 -0.0242137
19.717 4.04231 8.48508 0.0917264 -0.01078
19.733 4.04358 8.48511 0.0799262 0.00199145
19.75 4.04473 8.48536 0.06763 0.0147878
19.767 4.04568 8.48582 0.0555565 0.0266924
19.783 4.04639 8.48641 0.0443777 0.0370031
19.8 4.04694 8.48721 0.0326671 0.0470222
19.817 4.0473 8.48816 0.0211194 0.0559995
19.833 4.04747 8.48918 0.0103962 0.0634304
19.85 4.04746 8.49037 -0.000854422 0.0702774
19.867 4.04725 8.49166 -0.0119519 0.0759758
19.883 4.0469 8.49295 -0.0222458 0.0802308
19.9 4.04634 8.49437 -0.0330213 0.0836224
19.917 4.04559 8.49583 -0.043609 0.0857901
19.933 4.04474 8.49721 -0.0533773 0.0866617
19.95 4.04366 8.49868 -0.0635366 0.0864073
19.967 4.04241 8.50012 -0.0734339 0.0848882
19.983 4.04109 8.50144 -0.0824718 0.0822636
20 4.03953 8.50277 -0.0917646 0.0782806
20.017 4.03782 8.50401 -0.100691 0.0730351
20.033 4.03608 8.50508 -0.108709 0.0669214
20.05 4.03409 8.50609 -0.116807 0.059265
20.067 4.03198 8.50695 -0.124417 0.0504042
20.083 4.02988 8.5076 -0.131083 0.0409633
20.099 4.02769 8.50809 -0.137248 0.0305191
