0.051 5.07432 -8.71782 -0.00140363 0.0484236
0.119 5.07427 -8.7162 -0.00269139 0.0952756
0.184 5.07421 -8.71399 -0.00386207 0.13798
0.251 5.07413 -8.7109 -0.00506401 0.182003
0.316 5.07403 -8.70734 -0.00615124 0.222125
0.383 5.0739 -8.70286 -0.00726274 0.263483
0.448 5.07377 -8.69804 -0.00826279 0.301172
0.515 5.07361 -8.69226 -0.00928008 0.340019
0.58 5.07345 -8.68626 -0.0101896 0.375415
0.647 5.07326 -8.67925 -0.0111093 0.411894
0.715 5.07306 -8.67165 -0.0119772 0.447207
0.78 5.07285 -8.66398 -0.0127432 0.479378
0.847 5.07263 -8.65527 -0.013508 0.512527
0.915 5.07238 -8.64601 -0.0142182 0.544609
0.983 5.07213 -8.63622 -0.0148726 0.575655
1.048 5.07188 -8.62656 -0.0154331 0.603931
1.115 5.07161 -8.6158 -0.015976 0.633057
1.18 5.07135 -8.60525 -0.016429 0.659578
1.247 5.07106 -8.59357 -0.0168554 0.686892
1.315 5.07077 -8.58144 -0.0172195 0.713311
1.38 5.07049 -8.56964 -0.0174995 0.737361
1.447 5.07019 -8.55669 -0.0177384 0.76212
1.515 5.06988 -8.54333 -0.0179099 0.78606
1.58 5.0696 -8.5304 -0.0180027 0.807844
1.647 5.06929 -8.51629 -0.0180381 0.830262
1.715 5.06898 -8.5018 -0.018 0.851929
1.78 5.0687 -8.48786 -0.0178888 0.871636
1.847 5.0684 -8.4727 -0.0177017 0.891906
1.915 5.0681 -8.4572 -0.0174342 0.911486
1.98 5.06783 -8.44233 -0.0170988 0.929286
2.047 5.06754 -8.42622 -0.0166676 0.947584
2.115 5.06727 -8.40981 -0.0161478 0.965248
2.18 5.06702 -8.39411 -0.0155661 0.981297
2.247 5.06677 -8.37715 -0.0148666 0.997783
2.315 5.06653 -8.35992 -0.0140701 1.01369
2.38 5.06632 -8.34347 -0.0132184 1.02813
2.447 5.06611 -8.32574 -0.0122256 1.04295
2.515 5.06592 -8.30777 -0.0111276 1.05723
2.58 5.06576 -8.29064 -0.00998254 1.07019
2.647 5.06561 -8.27222 -0.00867317 1.08349
2.715 5.06549 -8.25359 -0.00725147 1.09629
2.78 5.06539 -8.23586 -0.00579362 1.10789
2.847 5.06532 -8.21682 -0.00414957 1.11978
2.915 5.06528 -8.19759 -0.00238905 1.13123
2.98 5.06527 -8.17933 -0.00060676 1.14159
3.047 5.0653 -8.15974 0.00137976 1.15221
3.115 5.06536 -8.13998 0.00348195 1.16241
3.18 5.06545 -8.12123 0.00558672 1.17165
3.247 5.06558 -8.10115 0.00790686 1.1811
3.315 5.06576 -8.08092 0.0103346 1.19019
3.38 5.06596 -8.06175 0.0127399 1.19842
3.447 5.06622 -8.04123 0.015361 1.20683
3.515 5.06653 -8.02058 0.018072 1.21492
3.58 5.06686 -8.00102 0.0207295 1.22225
3.647 5.06726 -7.98011 0.0235886 1.22974
3.715 5.06771 -7.95909 0.0265086 1.23696
3.78 5.06818 -7.93919 0.0293387 1.24351
3.847 5.06873 -7.91794 0.0323389 1.25021
3.915 5.06933 -7.89657 0.035359 1.25668
3.98 5.06994 -7.87637 0.0382499 1.26257
4.047 5.07064 -7.85481 0.0412602 1.26862
4.115 5.0714 -7.83314 0.0442395 1.27448
4.18 5.07215 -7.81266 0.0470527 1.27984
4.247 5.073 -7.79081 0.0499162 1.28537
4.315 5.07389 -7.76887 0.0526923 1.29075
4.38 5.07478 -7.74814 0.0552743 1.29571
4.447 5.07576 -7.72602 0.0578242 1.30085
4.515 5.07679 -7.70382 0.0602319 1.3059
4.58 5.07779 -7.68285 0.062438 1.31057
4.647 5.07888 -7.66049 0.0645229 1.31546
4.715 5.08001 -7.63805 0.0664247 1.32028
4.78 5.0811 -7.61685 0.0681528 1.32478
4.847 5.08229 -7.59425 0.0696757 1.32951
4.915 5.08349 -7.57157 0.071007 1.33422
4.98 5.08465 -7.55015 0.0722713 1.3386
5.047 5.0859 -7.52731 0.0732749 1.34325
5.115 5.08716 -7.5044 0.0741896 1.34784
5.18 5.08837 -7.48277 0.0755585 1.35189
5.247 5.08967 -7.45972 0.0770317 1.356
5.315 5.09107 -7.43668 0.0821265 1.35511
5.38 5.09233 -7.41518 0.0785549 1.34393
5.447 5.09357 -7.39252 0.0731454 1.33267
5.515 5.09472 -7.37005 0.0672806 1.32202
5.58 5.0957 -7.34905 0.0618033 1.31251
5.647 5.09665 -7.3269 0.0557809 1.30286
5.715 5.0975 -7.30491 0.0498393 1.29366
5.78 5.09821 -7.28434 0.044517 1.2854
5.847 5.09887 -7.26263 0.0388977 1.27698
5.915 5.09944 -7.24106 0.0335143 1.26891
5.98 5.0999 -7.22087 0.0288113 1.26165
6.047 5.10031 -7.19955 0.0239739 1.2542
6.115 5.10064 -7.17835 0.0194582 1.24704
6.18 5.10089 -7.1585 0.0156213 1.24056
6.247 5.10109 -7.13753 0.0117722 1.23389
6.315 5.10123 -7.11666 0.00828473 1.22745
6.38 5.10132 -7.09712 0.00542917 1.22161
6.447 5.10137 -7.07645 0.00264803 1.21556
6.515 5.10137 -7.05589 0.000230131 1.20969
6.58 5.10134 -7.03662 -0.00163694 1.20436
6.647 5.10129 -7.01624 -0.00337685 1.19881
6.715 5.1012 -6.99595 -0.00478335 1.19342
6.78 5.10111 -6.97693 -0.00574127 1.1885
6.847 5.101 -6.95682 -0.00654961 1.18337
6.915 5.10088 -6.93678 -0.00707606 1.17837
6.98 5.10076 -6.918 -0.00726478 1.1738
7.047 5.10064 -6.89813 -0.00730699 1.16902
7.115 5.10052 -6.87834 -0.00713128 1.16435
7.18 5.10041 -6.85977 -0.00672601 1.16009
7.247 5.10031 -6.84013 -0.0061961 1.15562
7.315 5.10021 -6.82056 -0.00551675 1.15125
7.38 5.10014 -6.8022 -0.00470514 1.14725
7.447 5.10007 -6.78277 -0.00380315 1.14305
7.515 5.10002 -6.76341 -0.00281784 1.13895
7.58 5.1 -6.74524 -0.00178078 1.1352
7.647 5.09998 -6.72601 -0.000694424 1.13126
7.715 5.09999 -6.70685 0.000416646 1.1274
7.78 5.10001 -6.68886 0.00151834 1.12387
7.847 5.10006 -6.66982 0.00262622 1.12016
7.915 5.10012 -6.65084 0.00371011 1.11654
7.98 5.1002 -6.63303 0.00474326 1.11322
8.047 5.1003 -6.61416 0.00574069 1.10973
8.115 5.10041 -6.59536 0.0066769 1.10632
8.18 5.10053 -6.57771 0.00753945 1.1032
8.247 5.10067 -6.55901 0.00832784 1.09992
8.315 5.10083 -6.54036 0.00902919 1.09671
8.38 5.10098 -6.52286 0.00965022 1.09377
8.447 5.10115 -6.50432 0.0101637 1.09069
8.515 5.10133 -6.48583 0.0105744 1.08766
8.58 5.10151 -6.46847 0.0109118 1.0849
8.647 5.1017 -6.45008 0.0111135 1.082
8.715 5.10189 -6.43173 0.0112064 1.07915
8.78 5.10207 -6.41451 0.0112433 1.07654
8.85 5.10226 -6.39518 0.0110546 1.07363
8.916 5.10244 -6.37804 0.0108905 1.07112
8.983 5.10262 -6.35988 0.010557 1.06849
9.048 5.10278 -6.34282 0.0102032 1.06608
9.115 5.10295 -6.32474 0.00967056 1.06355
9.183 5.1031 -6.3067 0.00904201 1.06106
9.251 5.10324 -6.28871 0.00832187 1.05862
9.316 5.10336 -6.27181 0.007627 1.05638
9.383 5.10348 -6.25389 0.00674079 1.05402
9.448 5.10357 -6.23706 0.0059059 1.05185
9.515 5.10365 -6.21922 0.00487642 1.04956
9.583 5.10372 -6.20141 0.00378541 1.04731
9.648 5.10376 -6.18469 0.00279073 1.04524
9.715 5.10379 -6.16696 0.00160157 1.04305
9.783 5.1038 -6.14926 0.000380942 1.04089
9.851 5.10378 -6.1316 -0.000855196 1.03876
9.916 5.10375 -6.11501 -0.00189759 1.03678
9.983 5.1037 -6.09742 -0.00308393 1.03468
10.051 5.10363 -6.07987 -0.00413567 1.0326
10.116 5.10356 -6.06338 -0.00465587 1.03065
10.183 5.10354 -6.04587 -0.000779175 1.02976
10.251 5.10355 -6.02811 0.000666396 1.04497
10.316 5.10358 -6.01117 0.00186423 1.05883
10.383 5.10362 -5.99292 0.00230231 1.07322
10.448 5.10367 -5.97554 0.00285789 1.08629
10.515 5.10372 -5.95685 0.0031387 1.09976
10.58 5.10378 -5.93905 0.00358748 1.112
10.647 5.10385 -5.91993 0.00388275 1.1246
10.715 5.10392 -5.90061 0.00423058 1.13677
10.78 5.10399 -5.88224 0.0047979 1.14783
10.847 5.10408 -5.86254 0.00529715 1.1592
10.915 5.10419 -5.84264 0.00590518 1.17018
10.983 5.1043 -5.82257 0.00663937 1.18078
11.051 5.10443 -5.80232 0.00751771 1.19101
11.116 5.10457 -5.78312 0.00870047 1.20027
11.183 5.10473 -5.76255 0.00989598 1.20979
11.251 5.10493 -5.74183 0.0112859 1.21896
11.316 5.10513 -5.7222 0.0130634 1.2272
11.383 5.10539 -5.70119 0.0148842 1.23569
11.451 5.10568 -5.68004 0.016974 1.24382
11.516 5.10599 -5.66003 0.0196251 1.25097
11.583 5.10637 -5.63864 0.0223464 1.25834
11.651 5.1068 -5.61713 0.0254989 1.26526
11.716 5.10728 -5.5968 0.0296809 1.27077
11.783 5.10786 -5.5751 0.0339974 1.27643
11.851 5.10852 -5.55332 0.0392296 1.28094
11.916 5.10926 -5.53283 0.0460242 1.2808
11.983 5.11016 -5.51107 0.0530168 1.27986
12.051 5.11116 -5.48941 0.0585364 1.27416
12.116 5.11211 -5.46916 0.0597682 1.26563
12.183 5.11313 -5.4478 0.0598314 1.25648
12.251 5.11412 -5.42659 0.0582992 1.24735
12.316 5.11502 -5.40677 0.0559486 1.23902
12.38 5.11586 -5.38707 0.0530973 1.23099
12.447 5.11671 -5.36629 0.0495038 1.22279
12.515 5.11748 -5.34563 0.0456135 1.21492
12.583 5.11819 -5.32511 0.0415393 1.20737
12.648 5.11879 -5.3059 0.0378546 1.20051
12.715 5.11937 -5.28561 0.0336315 1.19352
12.783 5.11987 -5.26543 0.0294229 1.18679
12.848 5.12028 -5.24654 0.0257898 1.18062
12.915 5.12065 -5.22658 0.0217228 1.17431
12.983 5.12095 -5.20672 0.0177911 1.1682
13.048 5.12118 -5.18812 0.0145408 1.16255
13.115 5.12137 -5.16845 0.0109564 1.15675
13.183 5.1215 -5.14889 0.00760945 1.15108
13.248 5.12158 -5.13055 0.00502995 1.14581
13.315 5.12162 -5.11117 0.00225674 1.14035
13.383 5.12161 -5.09187 -0.000122359 1.13496
13.448 5.12159 -5.07379 -0.00161384 1.12993
13.515 5.12154 -5.05468 -0.00288343 1.12464
13.583 5.12149 -5.03565 -0.00315657 1.11943
13.648 5.12145 -5.01781 -0.00222403 1.1147
13.715 5.1215 -4.99891 0.00302371 1.11155
13.783 5.1217 -4.97994 0.011428 1.11636
13.848 5.122 -4.962 0.0190859 1.12071
13.915 5.12239 -4.94277 0.0229803 1.13156
13.983 5.12283 -4.92334 0.0256882 1.14263
14.048 5.12328 -4.9049 0.028529 1.15253
14.115 5.12379 -4.88513 0.0299321 1.16336
14.183 5.12432 -4.86517 0.0309419 1.17394
14.248 5.12483 -4.84623 0.0322192 1.18349
14.315 5.12539 -4.82594 0.0327214 1.19355
14.383 5.12595 -4.80549 0.0330795 1.20332
14.448 5.1265 -4.78609 0.0338974 1.21213
14.515 5.12708 -4.76533 0.0341263 1.22135
14.583 5.12766 -4.74441 0.0343953 1.23027
14.651 5.12825 -4.72335 0.0348071 1.23889
14.716 5.12885 -4.70342 0.0371045 1.24607
14.783 5.1295 -4.6821 0.0383412 1.25396
14.851 5.13021 -4.66068 0.042193 1.2601
14.916 5.13087 -4.64066 0.0410843 1.25114
14.983 5.13154 -4.61955 0.039061 1.24189
15.048 5.13213 -4.59981 0.0369705 1.23349
15.115 5.13271 -4.57899 0.0344095 1.22486
15.183 5.13326 -4.55831 0.0318889 1.2165
15.251 5.13376 -4.53776 0.0294798 1.20841
15.316 5.1342 -4.51855 0.0275706 1.20102
15.383 5.13463 -4.49826 0.025469 1.19339
15.448 5.13501 -4.47928 0.0238587 1.18641
15.515 5.13539 -4.45923 0.0221519 1.17919
15.58 5.13572 -4.44047 0.0209088 1.17259
15.647 5.13606 -4.42065 0.0196983 1.16575
15.715 5.13638 -4.40095 0.0188101 1.1591
15.783 5.13669 -4.38135 0.0183208 1.15265
15.848 5.13698 -4.363 0.0181791 1.14676
15.915 5.1373 -4.34361 0.0189659 1.14079
15.98 5.13762 -4.32545 0.0199011 1.13536
16.047 5.13804 -4.30621 0.0246867 1.13164
16.115 5.13859 -4.2869 0.0323233 1.13554
16.183 5.13921 -4.26743 0.0362187 1.14548
16.251 5.13984 -4.24777 0.0375405 1.15642
16.316 5.14047 -4.22911 0.0391322 1.16625
16.383 5.14112 -4.2091 0.0382469 1.17703
16.448 5.14172 -4.19011 0.037158 1.18689
16.515 5.14232 -4.16976 0.0353382 1.19709
16.583 5.14288 -4.14924 0.0332684 1.20696
16.648 5.14337 -4.12979 0.0306005 1.21589
16.715 5.14385 -4.10896 0.028361 1.22514
16.783 5.1443 -4.08798 0.0261775 1.23408
16.848 5.14469 -4.06837 0.0243231 1.22575
16.915 5.14515 -4.04766 0.0273658 1.21822
16.983 5.14562 -4.02709 0.0277221 1.20997
17.048 5.14606 -4.00785 0.0271184 1.20232
17.115 5.14652 -3.98755 0.0274364 1.19455
17.183 5.147 -3.96737 0.0279555 1.18704
17.248 5.14744 -3.94849 0.0277986 1.18009
17.315 5.14794 -3.92854 0.0290681 1.17321
17.383 5.14847 -3.9087 0.0310384 1.16682
17.448 5.14897 -3.89014 0.0313576 1.16055
17.515 5.14961 -3.87043 0.038005 1.15931
17.58 5.15023 -3.85197 0.0383282 1.15335
17.647 5.15087 -3.83218 0.0375637 1.16447
17.715 5.15147 -3.8122 0.0356648 1.1753
17.783 5.15204 -3.79204 0.0333403 1.18578
17.848 5.1525 -3.77292 0.0284914 1.19467
17.915 5.15295 -3.75245 0.0264544 1.20451
17.98 5.15326 -3.73326 0.0196463 1.19908
18.047 5.1536 -3.71272 0.0201912 1.2086
18.115 5.15401 -3.69203 0.0236757 1.21666
18.183 5.15453 -3.67131 0.0310058 1.21922
18.248 5.15505 -3.65192 0.0322006 1.21155
18.315 5.15565 -3.63144 0.0355813 1.20468
18.38 5.15622 -3.61229 0.0356659 1.19721
18.447 5.15685 -3.59206 0.0366448 1.18975
18.515 5.15747 -3.57196 0.0369297 1.18236
18.583 5.1581 -3.55198 0.0366293 1.1751
18.648 5.15866 -3.53329 0.0353543 1.16839
18.712 5.1592 -3.5147 0.0338312 1.16188
18.779 5.15974 -3.49506 0.0315116 1.15519
18.847 5.16024 -3.47524 0.0294917 1.16623
18.915 5.16072 -3.45523 0.0281682 1.17691
18.98 5.16117 -3.4365 0.028129 1.17022
19.047 5.16164 -3.41643 0.0276061 1.18071
19.115 5.16211 -3.39619 0.0274785 1.1908
19.183 5.16258 -3.37578 0.0279202 1.20047
19.299 5.16334 -3.33555 0.0231596 1.21908
19.332 5.16334 -3.33555 0.0231596 1.21908
19.38 5.16376 -3.31616 0.0258961 1.21185
19.447 5.16431 -3.29562 0.0324483 1.2081
19.515 5.16494 -3.27518 0.0371724 1.20233
19.58 5.16555 -3.25606 0.0379302 1.19501
19.647 5.16623 -3.23587 0.0400841 1.18802
19.715 5.16693 -3.21579 0.0412148 1.18088
19.78 5.16757 -3.19701 0.040275 1.17396
19.847 5.16824 -3.17717 0.0393585 1.16684
19.915 5.16886 -3.15745 0.0364561 1.15997
19.98 5.1694 -3.13899 0.0336539 1.15373
20.047 5.16991 -3.1192 0.0296646 1.16447
20.115 5.17037 -3.09922 0.0269764 1.17509
20.183 5.17079 -3.07907 0.0251772 1.18541
20.248 5.17126 -3.05998 0.0292388 1.19283
20.315 5.17175 -3.03954 0.0286095 1.20253
20.383 5.17224 -3.01894 0.0288595 1.21178
20.448 5.17272 -2.99967 0.0299531 1.20421
20.515 5.17332 -2.9791 0.035299 1.21025
20.583 5.17401 -2.9586 0.0407549 1.20557
20.648 5.17464 -2.93944 0.0392966 1.19784
20.715 5.17527 -2.91921 0.0370337 1.18988
20.783 5.17584 -2.89911 0.0338333 1.18226
20.848 5.17635 -2.88031 0.0315372 1.17524
20.915 5.17681 -2.86045 0.0272962 1.16836
20.983 5.17718 -2.84069 0.0219159 1.16219
21.048 5.17753 -2.8222 0.0218008 1.15573
21.115 5.17793 -2.80237 0.0234747 1.16605
21.183 5.17836 -2.78238 0.0252207 1.17598
21.248 5.17887 -2.7635 0.0316832 1.18026
21.315 5.17943 -2.74327 0.0332126 1.18971
21.383 5.18002 -2.72289 0.0347086 1.19885
21.448 5.18068 -2.70368 0.0412958 1.20075
21.515 5.1814 -2.68312 0.0423836 1.2096
21.58 5.1821 -2.66388 0.0434269 1.2022
21.647 5.18282 -2.64329 0.0424258 1.21152
21.715 5.18336 -2.62268 0.0315773 1.21231
21.783 5.18383 -2.60221 0.0279881 1.20401
21.848 5.18426 -2.58307 0.0264601 1.19622
21.915 5.1847 -2.56287 0.0258617 1.1882
21.983 5.18514 -2.5428 0.0263692 1.18059
22.048 5.18556 -2.52402 0.0262665 1.17351
22.115 5.18607 -2.50417 0.0299372 1.16772
22.183 5.18669 -2.48437 0.0361396 1.16513
22.248 5.18728 -2.46582 0.037068 1.15884
22.315 5.18795 -2.44596 0.0391557 1.16857
22.38 5.1886 -2.42736 0.0410727 1.16269
22.447 5.18927 -2.40741 0.0392304 1.17327
22.515 5.18989 -2.38729 0.0367131 1.18352
22.58 5.1904 -2.36822 0.0314628 1.19211
22.647 5.19089 -2.34779 0.0289295 1.20171
22.715 5.19135 -2.3272 0.0268524 1.21102
22.783 5.19179 -2.30646 0.0258317 1.21999
22.848 5.1922 -2.28707 0.0257127 1.21172
22.915 5.19274 -2.26655 0.0318105 1.20733
22.983 5.19333 -2.24615 0.0345493 1.19999
23.048 5.19387 -2.22707 0.0340291 1.19227
23.115 5.19446 -2.20693 0.034798 1.1846
23.183 5.19506 -2.18692 0.0352542 1.1771
23.248 5.19561 -2.1682 0.0342691 1.17002
23.315 5.19621 -2.14843 0.0353711 1.16318
23.383 5.19693 -2.12863 0.0422973 1.16473
23.448 5.19756 -2.1101 0.039268 1.15809
23.515 5.19816 -2.09023 0.0352535 1.16855
23.583 5.19869 -2.0702 0.0315312 1.1787
23.648 5.19904 -2.05129 0.0218434 1.18186
23.715 5.19939 -2.03103 0.0201855 1.1917
23.783 5.19973 -2.01061 0.0201657 1.2011
23.848 5.20015 -1.99145 0.0261178 1.19726
23.915 5.20065 -1.97097 0.0294319 1.20511
23.983 5.20124 -1.95038 0.0346879 1.21086
24.048 5.20182 -1.93113 0.0364783 1.20339
24.115 5.20254 -1.91073 0.0425215 1.19983
24.183 5.20331 -1.89045 0.0453465 1.193
24.248 5.20401 -1.87148 0.0436849 1.18538
24.315 5.2047 -1.85146 0.0404119 1.17761
24.38 5.2053 -1.83273 0.0373337 1.17053
24.447 5.20578 -1.8129 0.0281306 1.16688
24.515 5.2061 -1.79296 0.0189824 1.17303
24.583 5.20641 -1.77285 0.0184756 1.18302
24.648 5.20673 -1.75403 0.0197666 1.17596
24.715 5.20714 -1.73391 0.024266 1.18365
24.783 5.20764 -1.71367 0.0292294 1.1905
24.848 5.20817 -1.69471 0.0334758 1.18511
24.915 5.20883 -1.67446 0.0386582 1.19126
24.983 5.20957 -1.65411 0.0437274 1.1971
25.048 5.21029 -1.63507 0.0445154 1.18976
25.115 5.21112 -1.61473 0.048954 1.19614
25.183 5.21176 -1.59443 0.0379481 1.19459
25.248 5.21232 -1.57544 0.03478 1.18696
25.315 5.21277 -1.55534 0.0263092 1.18186
25.383 5.21309 -1.53535 0.0190958 1.176
25.448 5.21339 -1.51665 0.0185062 1.16876
25.515 5.21379 -1.49666 0.0238668 1.17573
25.583 5.21428 -1.47656 0.0287748 1.18277
25.648 5.2148 -1.45773 0.0322605 1.17697
25.715 5.21542 -1.43759 0.0362045 1.1846
25.783 5.21609 -1.41732 0.0395104 1.19239
25.848 5.21675 -1.39835 0.0413746 1.18557
25.915 5.21747 -1.37804 0.0426719 1.19441
25.983 5.21818 -1.35758 0.0417031 1.20361
26.048 5.2188 -1.33845 0.0386885 1.19562
26.115 5.21929 -1.31819 0.0288697 1.19177
26.183 5.21968 -1.29805 0.0225259 1.18482
26.248 5.22001 -1.27921 0.0211646 1.17725
26.315 5.22049 -1.25924 0.0277015 1.17466
26.38 5.22093 -1.24056 0.0280647 1.1676
26.447 5.22149 -1.22059 0.032518 1.17508
26.515 5.22209 -1.20047 0.0355023 1.18339
26.583 5.22273 -1.18021 0.0376644 1.19187
26.648 5.22333 -1.16126 0.0377071 1.18434
26.715 5.22398 -1.14097 0.0379951 1.19354
26.78 5.22456 -1.122 0.0360452 1.18572
26.847 5.22512 -1.10168 0.0332297 1.19521
26.915 5.22561 -1.08121 0.0284585 1.20398
26.983 5.22608 -1.06089 0.0278276 1.1954
27.048 5.22651 -1.04189 0.0266262 1.18747
27.115 5.22699 -1.02183 0.0284712 1.18005
27.183 5.22753 -1.00187 0.0317961 1.17376
27.248 5.22803 -0.983208 0.0314656 1.16657
27.315 5.22867 -0.9633 0.0376601 1.17106
27.383 5.22935 -0.943241 0.0396228 1.17991
27.448 5.22995 -0.924482 0.0377844 1.17246
27.515 5.23055 -0.904382 0.0349962 1.18234
27.58 5.23105 -0.885582 0.0313206 1.17498
27.647 5.23153 -0.865442 0.028459 1.18474
27.715 5.23198 -0.84514 0.0264112 1.19421
27.78 5.23239 -0.826159 0.0255645 1.18631
27.847 5.23285 -0.805842 0.0267452 1.19514
27.915 5.23337 -0.785408 0.0306993 1.20201
27.98 5.23386 -0.766304 0.0307382 1.19399
28.047 5.23447 -0.746091 0.0357547 1.18898
28.115 5.23511 -0.726 0.0379497 1.18182
28.18 5.23569 -0.707214 0.0363069 1.17418
28.247 5.23627 -0.687386 0.0341391 1.16631
28.315 5.23679 -0.667686 0.0303356 1.15882
28.38 5.23723 -0.649257 0.027638 1.15183
28.447 5.2376 -0.629785 0.0219392 1.1454
28.515 5.23789 -0.610424 0.0169469 1.13889
28.58 5.23813 -0.592308 0.0147166 1.13226
28.647 5.23832 -0.573175 0.0115184 1.12548
28.715 5.23847 -0.554156 0.00866387 1.11874
28.78 5.23858 -0.536359 0.00667167 1.11232
28.847 5.23865 -0.517563 0.00420482 1.10564
28.912 5.23869 -0.499975 0.00241847 1.09926
28.979 5.2387 -0.481402 0.000452384 1.09255
29.047 5.23868 -0.462943 -0.00118974 1.08579
29.115 5.23863 -0.444601 -0.00249242 1.07898
29.18 5.23858 -0.427441 -0.00323624 1.07245
29.247 5.23851 -0.409328 -0.00392433 1.06549
29.315 5.23844 -0.391336 -0.00434105 1.05838
29.38 5.23837 -0.374513 -0.00436727 1.05144
29.447 5.2383 -0.356768 -0.00435385 1.04382
29.515 5.23823 -0.339159 -0.00413924 1.03577
29.58 5.23817 -0.322718 -0.00360302 1.0276
29.647 5.23812 -0.305408 -0.00293358 1.01822
29.712 5.23809 -0.289274 -0.00187103 1.00841
29.779 5.23808 -0.272327 -0.000472632 0.996855
29.847 5.23811 -0.255603 0.00148376 0.983781
29.915 5.23818 -0.239132 0.00415661 0.96888
29.98 5.2383 -0.223887 0.00762106 0.952807
30.047 5.23851 -0.208019 0.0122053 0.933426
30.115 5.23881 -0.192528 0.0180633 0.911243
30.18 5.23921 -0.178329 0.0250469 0.887414
30.247 5.23979 -0.163727 0.033892 0.858931
30.315 5.24055 -0.14967 0.0444778 0.826868
30.38 5.24144 -0.136979 0.0562196 0.793208
30.447 5.24264 -0.124161 0.0702752 0.754017
30.515 5.2441 -0.112067 0.0859702 0.711371
30.58 5.24573 -0.101374 0.102118 0.66834
30.647 5.24778 -0.0908291 0.120128 0.620285
30.715 5.25013 -0.0811303 0.138605 0.570522
30.78 5.25263 -0.0727628 0.155897 0.522967
30.847 5.25557 -0.064727 0.17334 0.472693
30.915 5.25879 -0.057523 0.189104 0.423766
30.98 5.26202 -0.0514437 0.201711 0.379956
31.047 5.26562 -0.0457238 0.21209 0.336463
31.115 5.26934 -0.0406765 0.218799 0.296902
31.18 5.27288 -0.0364563 0.221391 0.263766
31.247 5.27663 -0.0324989 0.220122 0.232786
31.315 5.28028 -0.0289928 0.214695 0.206241
31.38 5.28357 -0.0260299 0.205949 0.185181
31.447 5.28686 -0.0232022 0.193222 0.166337
31.515 5.28987 -0.0206386 0.177388 0.150798
31.58 5.29243 -0.0184177 0.160156 0.138806
31.647 5.29481 -0.0162387 0.140032 0.128174
31.715 5.29683 -0.0142107 0.118726 0.119294
31.78 5.29841 -0.0124166 0.0982915 0.112131
31.847 5.29971 -0.0106271 0.0768976 0.105265
31.915 5.30068 -0.0089471 0.0566148 0.0988264
31.98 5.3013 -0.00746054 0.039216 0.0929099
32.047 5.30169 -0.00598786 0.0229777 0.0866282
32.115 5.30185 -0.00462127 0.00943551 0.0803878
32.18 5.30184 -0.00342565 -0.00076198 0.0747265
32.247 5.30169 -0.00224943 -0.00910324 0.0691888
32.315 5.30143 -0.00115432 -0.0151317 0.0644186
32.38 5.30113 -0.00018081 -0.019018 0.0608443
32.447 5.30076 0.000807222 -0.0215254 0.0581195
32.515 5.30037 0.00176894 -0.0226583 0.0565716
32.58 5.30001 0.00266808 -0.0227224 0.0561961
32.647 5.29964 0.0036349 -0.0218077 0.056872
32.715 5.2993 0.00463114 -0.0200877 0.0586026
32.78 5.29901 0.00560936 -0.0179039 0.0611385
32.847 5.29876 0.00670942 -0.0149486 0.0647097
32.915 5.29856 0.00788461 -0.0114814 0.0691286
32.983 5.29843 0.00914816 -0.0075477 0.0743266
33.048 5.29838 0.0104261 -0.00349654 0.0798687
33.115 5.2984 0.0118942 0.00130028 0.0863612
33.183 5.29851 0.0134819 0.00653586 0.0933958
33.248 5.2987 0.0150887 0.0118203 0.100426
33.315 5.29901 0.0169289 0.0179287 0.108244
33.383 5.29942 0.0189064 0.0244897 0.116324
33.448 5.29992 0.0208915 0.0310403 0.12407
33.515 5.30057 0.023142 0.0384886 0.132382
33.58 5.30131 0.0253848 0.0458821 0.140175
33.647 5.30223 0.0279073 0.0542176 0.148384
33.715 5.3033 0.0305671 0.0629861 0.156459
33.78 5.30445 0.0331897 0.0715698 0.163912
33.847 5.30582 0.0361088 0.081065 0.171709
33.915 5.30737 0.039158 0.0908697 0.179365
33.98 5.30897 0.0421409 0.100318 0.186431
34.047 5.31085 0.045436 0.110613 0.193833
34.115 5.31291 0.048855 0.121106 0.201116
34.18 5.31501 0.0521807 0.13111 0.207857
34.247 5.31742 0.0558347 0.141898 0.214943
34.315 5.32002 0.0596079 0.152794 0.221948
34.38 5.32263 0.0632633 0.163101 0.228468
34.447 5.32559 0.0672645 0.174133 0.235364
34.515 5.32874 0.0713825 0.185197 0.242233
34.58 5.33187 0.0753614 0.195598 0.248681
34.647 5.33538 0.0797059 0.206663 0.255559
34.715 5.33908 0.084168 0.217697 0.262477
34.78 5.34273 0.0884726 0.228018 0.269036
34.847 5.34679 0.0931662 0.238942 0.276098
34.915 5.35104 0.0979801 0.249871 0.283168
34.98 5.3552 0.102619 0.26005 0.289923
35.047 5.3598 0.107673 0.27073 0.297295
35.115 5.36459 0.112854 0.281319 0.304785
35.18 5.36924 0.117847 0.291089 0.312036
35.247 5.37437 0.123286 0.301338 0.319938
35.315 5.37966 0.128863 0.311372 0.328097
35.38 5.38479 0.13424 0.320602 0.336006
35.447 5.3904 0.140099 0.330207 0.34469
35.515 5.39617 0.146112 0.339563 0.35368
35.58 5.40174 0.151911 0.348102 0.362438
35.647 5.40781 0.158236 0.356921 0.37209
35.715 5.41402 0.164732 0.365431 0.382118
35.78 5.41999 0.171003 0.373116 0.39192
35.847 5.42647 0.17785 0.38096 0.402749
35.915 5.43307 0.184888 0.38842 0.414025
35.98 5.43939 0.191689 0.395039 0.425067
36.047 5.44622 0.199123 0.401668 0.437275
36.115 5.45316 0.206773 0.407818 0.449992
36.18 5.45977 0.214172 0.413111 0.462441
36.247 5.46688 0.222267 0.418229 0.47619
36.315 5.47406 0.230605 0.422758 0.490487
36.38 5.48089 0.238677 0.426416 0.504451
36.447 5.48819 0.247514 0.429687 0.519825
36.515 5.49554 0.256621 0.432249 0.535752
36.58 5.50248 0.265441 0.433944 0.551239
36.647 5.50988 0.275101 0.435016 0.56821
36.715 5.51728 0.285058 0.435265 0.585693
36.78 5.52423 0.294699 0.434679 0.60259
36.847 5.5316 0.305256 0.43323 0.620991
36.915 5.53892 0.316133 0.430863 0.639814
36.98 5.54576 0.326659 0.427737 0.657871
37.047 5.55296 0.338174 0.423523 0.677389
37.115 5.56007 0.350027 0.418336 0.697192
37.18 5.56668 0.361483 0.412519 0.716028
37.247 5.57357 0.373999 0.405429 0.736221
37.315 5.58032 0.38686 0.397365 0.756526
37.38 5.58654 0.39927 0.388862 0.775661
37.447 5.59299 0.412802 0.37896 0.795997
37.515 5.59925 0.426679 0.368151 0.816254
37.58 5.60496 0.440041 0.357149 0.835164
37.647 5.61082 0.454578 0.344695 0.855085
37.715 5.61645 0.469448 0.331465 0.874743
37.78 5.62155 0.483735 0.318326 0.892923
37.847 5.62671 0.499238 0.303758 0.911914
37.915 5.63162 0.515056 0.288595 0.930489
37.98 5.636 0.530216 0.273818 0.947516
38.047 5.64038 0.546624 0.2577 0.965167
38.115 5.64448 0.563323 0.241194 0.982293
38.18 5.64809 0.579289 0.225349 0.997868
38.247 5.65163 0.596525 0.208295 1.01391
38.315 5.65487 0.614024 0.191059 1.02936
38.38 5.65767 0.630718 0.174717 1.04332
38.447 5.66034 0.648697 0.157316 1.05762
38.515 5.66272 0.66691 0.139918 1.07132
38.58 5.6647 0.684247 0.123583 1.08362
38.647 5.66651 0.702882 0.10634 1.09617
38.715 5.66803 0.721721 0.0892458 1.10813
38.78 5.6692 0.739622 0.0733195 1.11883
38.847 5.67016 0.758827 0.0566219 1.12969
38.915 5.67084 0.778207 0.040175 1.14001
38.98 5.67124 0.796594 0.0249403 1.14919
39.047 5.6714 0.816288 0.00904887 1.15849
39.115 5.67129 0.836132 -0.00652954 1.16729
39.18 5.67095 0.854933 -0.0209009 1.17507
39.247 5.67034 0.875043 -0.035837 1.18292
39.315 5.66949 0.895278 -0.0504308 1.19032
39.38 5.66846 0.914427 -0.0638579 1.19681
39.447 5.66714 0.934884 -0.0777778 1.20334
39.515 5.66559 0.955445 -0.0913501 1.20945
39.58 5.66393 0.974881 -0.103818 1.21475
39.647 5.66194 0.995622 -0.116723 1.22006
39.715 5.65974 1.01645 -0.129291 1.22497
39.78 5.65749 1.03611 -0.140829 1.22917
39.847 5.65489 1.05708 -0.15276 1.23333
39.915 5.6521 1.07811 -0.164373 1.23712
39.98 5.6493 1.09795 -0.175034 1.24028
40.047 5.64614 1.11909 -0.186052 1.24337
40.115 5.64279 1.14028 -0.196775 1.24611
40.18 5.63949 1.16025 -0.206624 1.2483
40.247 5.6358 1.18151 -0.2168 1.25039
40.315 5.63195 1.20279 -0.226705 1.25215
40.38 5.62817 1.22285 -0.23581 1.25343
40.447 5.62401 1.24417 -0.245214 1.25458
40.515 5.61968 1.26552 -0.254372 1.25543
40.58 5.61548 1.28561 -0.262796 1.25588
40.647 5.61086 1.30697 -0.271495 1.25618
40.715 5.6061 1.32832 -0.279969 1.25621
40.78 5.6015 1.34842 -0.287771 1.25591
40.847 5.59647 1.36976 -0.295823 1.25545
40.915 5.59131 1.39109 -0.303666 1.25476
40.98 5.58633 1.41115 -0.310894 1.25381
41.047 5.58092 1.43245 -0.318345 1.25271
41.115 5.57539 1.45372 -0.3256 1.25142
41.18 5.57007 1.47372 -0.332289 1.24994
41.247 5.5643 1.49494 -0.339174 1.24833
41.315 5.55842 1.51613 -0.345871 1.24658
41.38 5.55279 1.53605 -0.352044 1.24472
41.447 5.5467 1.55718 -0.358381 1.24275
41.515 5.5405 1.57827 -0.364536 1.2407
41.58 5.53458 1.59809 -0.370202 1.2386
41.647 5.52818 1.6191 -0.375999 1.23644
41.715 5.5217 1.64009 -0.381612 1.23425
41.78 5.51551 1.6598 -0.386769 1.23207
41.847 5.50884 1.68071 -0.392018 1.22987
41.915 5.50209 1.70158 -0.397078 1.22771
41.98 5.49567 1.72119 -0.401712 1.2256
42.047 5.48876 1.74199 -0.406396 1.22354
42.115 5.48177 1.76275 -0.410882 1.22155
42.18 5.47513 1.78227 -0.41497 1.21965
42.247 5.46801 1.80297 -0.419062 1.21786
42.315 5.46082 1.82365 -0.422946 1.21618
42.38 5.454 1.84308 -0.426459 1.21461
42.447 5.44669 1.86371 -0.429928 1.2132
42.515 5.43932 1.88431 -0.433178 1.21193
42.58 5.43235 1.90368 -0.436084 1.21078
42.647 5.42488 1.92425 -0.438896 1.20982
42.715 5.41738 1.9448 -0.441477 1.20903
42.78 5.41028 1.96414 -0.443742 1.20834
42.847 5.4027 1.98467 -0.445863 1.20789
42.915 5.39509 2.0052 -0.447741 1.2076
42.98 5.3879 2.02452 -0.449333 1.20738
43.047 5.38024 2.04504 -0.450727 1.20742
43.115 5.37255 2.06557 -0.451868 1.20762
43.18 5.36531 2.0849 -0.452752 1.20785
43.247 5.3576 2.10544 -0.453386 1.20834
43.315 5.34989 2.12599 -0.453754 1.20897
43.38 5.34263 2.14535 -0.453897 1.20959
43.447 5.33491 2.16592 -0.453733 1.21045
43.515 5.32721 2.18652 -0.453289 1.21142
43.58 5.31997 2.20591 -0.452652 1.21232
43.647 5.31229 2.22654 -0.45165 1.21344
43.715 5.30463 2.24719 -0.450352 1.21461
43.78 5.29745 2.26664 -0.448893 1.21567
43.847 5.28985 2.28733 -0.447005 1.21689
43.915 5.28229 2.30804 -0.444804 1.21812
43.98 5.27521 2.32754 -0.442472 1.21916
44.047 5.26774 2.34829 -0.439644 1.22031
44.115 5.26032 2.36905 -0.436484 1.22139
44.18 5.25338 2.38861 -0.433224 1.22223
44.247 5.24608 2.4094 -0.429397 1.2231
44.315 5.23885 2.43021 -0.425217 1.22381
44.38 5.23212 2.44979 -0.420971 1.22424
44.447 5.22505 2.47061 -0.416087 1.22459
44.515 5.21806 2.49143 -0.410831 1.2247
44.58 5.21157 2.51102 -0.405547 1.22449
44.647 5.20478 2.53183 -0.399557 1.22407
44.715 5.1981 2.55263 -0.393185 1.22334
44.78 5.19191 2.57219 -0.386834 1.22226
44.847 5.18545 2.59294 -0.37972 1.22085
44.915 5.17912 2.61366 -0.372227 1.21906
44.98 5.17329 2.63313 -0.364818 1.21691
45.047 5.16722 2.65378 -0.356612 1.21432
45.115 5.16131 2.67437 -0.348054 1.21129
45.183 5.15554 2.6949 -0.33916 1.20783
45.248 5.15025 2.71417 -0.330464 1.20404
45.315 5.1448 2.73456 -0.320978 1.1997
45.383 5.13951 2.75488 -0.311225 1.19493
45.448 5.13468 2.77392 -0.301779 1.18992
45.515 5.12972 2.79405 -0.291599 1.18433
45.583 5.12494 2.81408 -0.281253 1.17836
45.648 5.1206 2.83284 -0.27134 1.17228
45.715 5.11616 2.85265 -0.260793 1.16566
45.783 5.11191 2.87235 -0.250209 1.15877
45.848 5.10807 2.89078 -0.240186 1.15193
45.915 5.10416 2.91024 -0.229667 1.14465
45.983 5.10044 2.92958 -0.219252 1.13726
46.048 5.09708 2.94766 -0.20951 1.13009
46.115 5.09369 2.96674 -0.199433 1.12265
46.183 5.09047 2.9857 -0.189594 1.11527
46.248 5.08758 3.00343 -0.180509 1.10827
46.315 5.08467 3.02215 -0.171247 1.10119
46.38 5.08207 3.03967 -0.162769 1.09457
46.447 5.07945 3.05816 -0.15421 1.08801
46.515 5.07696 3.07655 -0.146052 1.08179
46.58 5.07474 3.09377 -0.138681 1.07611
46.647 5.07251 3.11197 -0.131353 1.07067
46.715 5.07039 3.13009 -0.124469 1.06569
46.78 5.0685 3.14707 -0.118331 1.06126
46.847 5.06659 3.16504 -0.112324 1.05723
46.912 5.06488 3.1819 -0.107016 1.05374
46.979 5.06315 3.19977 -0.10188 1.05072
47.047 5.06149 3.21759 -0.0971812 1.04822
47.115 5.05992 3.23537 -0.0929074 1.04625
47.18 5.05849 3.25209 -0.0892053 1.04472
47.247 5.05703 3.26983 -0.0857188 1.04375
47.315 5.05563 3.28757 -0.082613 1.04329
47.38 5.05435 3.30426 -0.0799729 1.04314
47.447 5.05303 3.322 -0.0775561 1.04359
47.512 5.05182 3.33871 -0.0755356 1.04428
47.579 5.05057 3.35648 -0.0737362 1.04557
47.647 5.04934 3.37428 -0.0722255 1.04726
47.715 5.04813 3.39212 -0.0709846 1.04932
47.78 5.04701 3.40895 -0.0700102 1.05144
47.847 5.04583 3.42687 -0.0692409 1.05416
47.915 5.04467 3.44484 -0.0686876 1.05717
47.98 5.04357 3.4618 -0.0683184 1.06012
48.047 5.04242 3.47988 -0.0681377 1.06364
48.115 5.04126 3.49803 -0.0681251 1.06738
48.18 5.04017 3.51516 -0.0682277 1.07097
48.247 5.039 3.53344 -0.0685011 1.07508
48.315 5.03783 3.55179 -0.0689016 1.07935
48.383 5.03665 3.57021 -0.0694168 1.08375
48.448 5.03553 3.58762 -0.0699753 1.08789
48.515 5.03433 3.60619 -0.0706816 1.09251
48.58 5.03319 3.62374 -0.0714036 1.09682
48.647 5.03196 3.64247 -0.0722626 1.10157
48.715 5.03071 3.66128 -0.0731868 1.10638
48.78 5.02953 3.67905 -0.0740929 1.11083
48.847 5.02825 3.69802 -0.0751211 1.11568
48.915 5.02696 3.71706 -0.0761921 1.12054
48.98 5.02572 3.73506 -0.0772197 1.12501
49.047 5.02439 3.75427 -0.078356 1.12985
49.115 5.02304 3.77356 -0.0795171 1.13466
49.183 5.02167 3.79293 -0.0806979 1.13943
49.248 5.02036 3.81123 -0.0818122 1.14378
49.315 5.01894 3.83076 -0.0830186 1.14845
49.383 5.01751 3.85036 -0.0842318 1.15305
49.448 5.01615 3.86887 -0.0853671 1.15723
49.515 5.01468 3.88862 -0.0865835 1.16169
49.583 5.01318 3.90845 -0.0877965 1.16607
49.648 5.01176 3.92717 -0.0889243 1.17001
49.715 5.01023 3.94713 -0.0901228 1.17421
49.78 5.00877 3.96597 -0.0912329 1.17799
49.847 5.0072 3.98607 -0.0924074 1.18199
49.915 5.00561 4.00623 -0.093566 1.18588
49.98 5.00409 4.02526 -0.0946336 1.18936
50.047 5.00246 4.04554 -0.0957562 1.19304
50.115 5.00082 4.06588 -0.0968573 1.1966
50.18 4.99925 4.08508 -0.0978668 1.19975
50.247 4.99757 4.10553 -0.0989221 1.20308
50.315 4.99587 4.12604 -0.0999516 1.20629
50.38 4.99426 4.14538 -0.10089 1.2091
50.447 4.99253 4.16599 -0.101866 1.21206
50.515 4.99078 4.18664 -0.102812 1.21489
50.58 4.98912 4.20612 -0.103669 1.21735
50.647 4.98734 4.22686 -0.104554 1.21994
50.715 4.98555 4.24764 -0.105407 1.22239
50.78 4.98385 4.26723 -0.106174 1.2245
50.85 4.98192 4.28932 -0.107012 1.22693
50.916 4.9802 4.30898 -0.107712 1.22878
50.98 4.97847 4.32866 -0.108381 1.23052
51.047 4.97661 4.34961 -0.109061 1.23234
51.115 4.97475 4.37059 -0.109704 1.23404
51.18 4.97298 4.39036 -0.110267 1.23542
51.247 4.9711 4.41139 -0.110835 1.23686
51.315 4.96921 4.43244 -0.111362 1.23818
51.383 4.9673 4.4535 -0.11185 1.23937
51.451 4.9654 4.47459 -0.112296 1.24044
51.516 4.96359 4.49445 -0.112672 1.24123
51.583 4.96167 4.51557 -0.113038 1.24206
51.651 4.95974 4.53669 -0.113361 1.24276
51.719 4.95781 4.55783 -0.113642 1.24335
51.784 4.95599 4.57773 -0.11386 1.2437
51.851 4.95405 4.59888 -0.114057 1.24406
51.916 4.95222 4.61879 -0.114195 1.24419
51.983 4.95028 4.63994 -0.114309 1.24434
52.051 4.94834 4.66109 -0.114378 1.24438
52.116 4.94651 4.681 -0.114395 1.24421
52.183 4.94456 4.70215 -0.11438 1.24404
52.251 4.94262 4.72329 -0.114321 1.24377
52.316 4.94079 4.74319 -0.114216 1.24332
52.383 4.93885 4.76432 -0.114074 1.24286
52.451 4.93691 4.78543 -0.113888 1.24231
52.516 4.9351 4.8053 -0.113664 1.24159
52.583 4.93317 4.8264 -0.113397 1.24087
52.651 4.93125 4.84748 -0.113088 1.24006
52.716 4.92944 4.8673 -0.112748 1.23911
52.783 4.92753 4.88835 -0.11236 1.23815
52.851 4.92563 4.90938 -0.111933 1.23712
52.916 4.92384 4.92916 -0.111483 1.23597
52.983 4.92196 4.95015 -0.110982 1.2348
53.051 4.92008 4.97112 -0.110444 1.23357
53.116 4.91832 4.99084 -0.10989 1.23225
53.183 4.91646 5.01176 -0.109284 1.23091
53.251 4.91462 5.03266 -0.108645 1.22952
53.316 4.91289 5.05231 -0.107998 1.22806
53.383 4.91107 5.07316 -0.107297 1.22659
53.451 4.90925 5.09399 -0.106566 1.22508
53.516 4.90756 5.11357 -0.105836 1.22351
53.583 4.90578 5.13434 -0.105052 1.22194
53.651 4.904 5.15508 -0.104243 1.22035
53.716 4.90235 5.17458 -0.103441 1.21871
53.783 4.9006 5.19527 -0.102587 1.21709
53.848 4.89898 5.21472 -0.101746 1.21543
53.915 4.89726 5.23536 -0.100853 1.21379
53.983 4.89556 5.25596 -0.0999427 1.21215
54.048 4.89398 5.27533 -0.0990518 1.21048
54.115 4.89231 5.29588 -0.0981115 1.20885
54.18 4.89076 5.3152 -0.0971951 1.20719
54.247 4.88912 5.33569 -0.0962313 1.20558
54.315 4.8875 5.35616 -0.0952575 1.20399
54.383 4.8859 5.3766 -0.0942751 1.20242
54.451 4.88431 5.39701 -0.0932856 1.20087
54.516 4.88283 5.4162 -0.0923288 1.19931
54.583 4.88128 5.43657 -0.0913306 1.19782
54.651 4.87975 5.4569 -0.0903296 1.19637
54.716 4.87832 5.47602 -0.0893652 1.19491
54.78 4.8769 5.49512 -0.0884011 1.19348
54.847 4.87542 5.51538 -0.0874011 1.19215
54.915 4.87395 5.53563 -0.0864034 1.19085
54.983 4.8725 5.55585 -0.0854092 1.18961
55.051 4.87106 5.57606 -0.0844197 1.18841
55.116 4.86972 5.59505 -0.0834715 1.1872
55.183 4.86832 5.61521 -0.0824945 1.1861
55.248 4.86702 5.63417 -0.0815596 1.18499
55.315 4.86565 5.6543 -0.0805987 1.184
55.38 4.86437 5.67323 -0.0796804 1.183
55.447 4.86303 5.69333 -0.0787387 1.18211
55.515 4.86171 5.71341 -0.0778077 1.18129
55.58 4.86048 5.7323 -0.076919 1.18044
55.647 4.85919 5.75235 -0.076011 1.17972
55.715 4.85791 5.7724 -0.0751153 1.17906
55.783 4.85665 5.79243 -0.0742323 1.17846
55.848 4.85547 5.81127 -0.0733904 1.17782
55.915 4.85424 5.83129 -0.0725339 1.17732
55.983 4.85302 5.8513 -0.0716913 1.17688
56.048 4.85189 5.87012 -0.0708879 1.17639
56.115 4.8507 5.89011 -0.0700735 1.17605
56.183 4.84952 5.9101 -0.0692734 1.17576
56.248 4.84842 5.92891 -0.0685102 1.17542
56.315 4.84727 5.94888 -0.0677391 1.17522
56.383 4.84613 5.96886 -0.0669825 1.17508
56.448 4.84507 5.98766 -0.0662603 1.17486
56.515 4.84396 6.00763 -0.0655328 1.1748
56.583 4.84286 6.0276 -0.0648198 1.17479
56.648 4.84183 6.0464 -0.0641381 1.17469
56.715 4.84075 6.06637 -0.0634536 1.17475
56.783 4.83968 6.08634 -0.0627833 1.17484
56.848 4.83869 6.10514 -0.0621411 1.17485
56.915 4.83764 6.12511 -0.0614985 1.17501
56.983 4.83661 6.14509 -0.0608693 1.1752
57.048 4.83565 6.1639 -0.060265 1.17528
57.115 4.83463 6.18388 -0.0596622 1.17553
57.183 4.83363 6.20387 -0.0590721 1.17579
57.248 4.83269 6.22268 -0.0585036 1.17595
57.315 4.83171 6.24268 -0.0579384 1.17625
57.38 4.83079 6.2615 -0.0573925 1.17645
57.447 4.82982 6.28151 -0.056851 1.17679
57.515 4.82886 6.30152 -0.0563209 1.17714
57.58 4.82797 6.32036 -0.0558067 1.17737
57.647 4.82703 6.34038 -0.0552985 1.17775
57.715 4.8261 6.36041 -0.0548007 1.17813
57.78 4.82523 6.37926 -0.0543158 1.17839
57.847 4.82431 6.3993 -0.0538382 1.17878
57.915 4.82341 6.41935 -0.0533701 1.17918
57.98 4.82256 6.43822 -0.0529117 1.17944
58.047 4.82167 6.45827 -0.052462 1.17984
58.115 4.82078 6.47834 -0.052021 1.18023
58.183 4.81991 6.49841 -0.0515883 1.18062
58.248 4.81909 6.5173 -0.0511614 1.18087
58.315 4.81823 6.53738 -0.050745 1.18125
58.383 4.81737 6.55747 -0.0503361 1.18162
58.448 4.81657 6.57638 -0.0499302 1.18185
58.515 4.81573 6.59648 -0.0495362 1.1822
58.583 4.81489 6.61658 -0.049149 1.18254
58.648 4.81411 6.63551 -0.0487623 1.18274
58.715 4.81329 6.65562 -0.0483889 1.18305
58.783 4.81248 6.67573 -0.0480217 1.18335
58.848 4.81171 6.69467 -0.0476526 1.18351
58.915 4.81091 6.71479 -0.0472983 1.18377
58.983 4.81011 6.73492 -0.0469498 1.18402
59.048 4.80936 6.75387 -0.0465972 1.18413
59.115 4.80858 6.774 -0.046261 1.18435
59.183 4.8078 6.79414 -0.0459303 1.18454
59.248 4.80707 6.81309 -0.0455935 1.1846
59.315 4.8063 6.83324 -0.0452748 1.18476
59.383 4.80553 6.85338 -0.0449617 1.1849
59.448 4.80482 6.87234 -0.0446404 1.1849
59.515 4.80407 6.89248 -0.0443393 1.185
59.583 4.80332 6.91263 -0.044044 1.18507
59.648 4.80262 6.93159 -0.0437387 1.18501
59.715 4.80188 6.95173 -0.0434559 1.18505
59.783 4.80115 6.97188 -0.0431793 1.18507
59.848 4.80046 6.99084 -0.0428909 1.18495
59.915 4.79973 7.01098 -0.0426278 1.18493
59.983 4.79901 7.03113 -0.0423713 1.18488
60.048 4.79834 7.05008 -0.0421014 1.18471
60.115 4.79763 7.07022 -0.0418598 1.18463
60.183 4.79692 7.09036 -0.0416256 1.18452
60.248 4.79626 7.10931 -0.0413765 1.1843
60.312 4.7956 7.12825 -0.0411353 1.18406
60.379 4.79491 7.14838 -0.0409271 1.1839
60.447 4.79421 7.1685 -0.0407278 1.18373
60.515 4.79352 7.18862 -0.0405379 1.18354
60.58 4.79288 7.20755 -0.0403301 1.18323
60.647 4.7922 7.22766 -0.0401608 1.18301
60.715 4.79152 7.24777 -0.0400023 1.18276
60.78 4.79088 7.26669 -0.0398243 1.18242
60.847 4.7902 7.28679 -0.0396894 1.18215
60.915 4.78953 7.30688 -0.0395669 1.18186
60.98 4.7889 7.32578 -0.0394232 1.18147
61.047 4.78823 7.34586 -0.0393277 1.18117
61.115 4.78756 7.36593 -0.0392465 1.18084
61.183 4.7869 7.386 -0.03918 1.18051
61.248 4.78627 7.40488 -0.0390897 1.18008
61.315 4.78561 7.42494 -0.0390554 1.17973
61.383 4.78495 7.44499 -0.0390379 1.17936
61.448 4.78432 7.46385 -0.0389944 1.17891
61.515 4.78366 7.48389 -0.0390132 1.17853
61.583 4.78299 7.50391 -0.039051 1.17814
61.648 4.78237 7.52276 -0.0390603 1.17766
61.715 4.7817 7.54277 -0.0391386 1.17726
61.783 4.78104 7.56278 -0.039238 1.17684
61.848 4.78041 7.5816 -0.0393061 1.17635
61.915 4.77974 7.60159 -0.0394503 1.17593
61.983 4.77906 7.62157 -0.0396177 1.1755
62.051 4.77839 7.64155 -0.039809 1.17506
62.116 4.77775 7.66034 -0.0399643 1.17455
62.183 4.77707 7.6803 -0.0402052 1.1741
62.251 4.77638 7.70025 -0.0404716 1.17364
62.316 4.77573 7.71902 -0.0406975 1.17311
62.383 4.77503 7.73896 -0.0410159 1.17264
62.448 4.77437 7.75771 -0.0412903 1.17209
62.515 4.77366 7.77763 -0.0416611 1.1716
62.583 4.77295 7.79754 -0.0420576 1.1711
62.651 4.77222 7.81744 -0.0424792 1.17059
62.716 4.77154 7.83616 -0.0428477 1.17
62.783 4.7708 7.85604 -0.0433169 1.16945
62.848 4.7701 7.87474 -0.0437265 1.16882
62.915 4.76935 7.8946 -0.0442359 1.16823
62.983 4.76859 7.91445 -0.0447603 1.1676
63.051 4.76782 7.93429 -0.0452952 1.16693
63.116 4.76709 7.95294 -0.0457506 1.16618
63.183 4.7663 7.97276 -0.0462897 1.16541
63.248 4.76555 7.99139 -0.0467335 1.16455
63.315 4.76475 8.01117 -0.0472406 1.16364
63.38 4.76399 8.02977 -0.04763 1.16261
63.447 4.76317 8.04952 -0.0480486 1.1615
63.515 4.76235 8.06924 -0.0483896 1.16024
63.58 4.76157 8.08778 -0.0485621 1.15882
63.647 4.76074 8.10746 -0.0486754 1.15721
63.715 4.75992 8.1271 -0.0486194 1.15536
63.783 4.7591 8.1467 -0.0483535 1.15324
63.851 4.75828 8.16627 -0.0478319 1.15081
63.916 4.75753 8.18464 -0.0470068 1.14813
63.983 4.75675 8.2041 -0.0458431 1.14499
64.051 4.756 8.2235 -0.0442602 1.14141
64.116 4.75532 8.2417 -0.0422723 1.13755
64.183 4.75465 8.26097 -0.0396888 1.13302
64.251 4.75403 8.28014 -0.0364803 1.12795
64.316 4.7535 8.2981 -0.0327616 1.12258
64.383 4.75303 8.31708 -0.0281183 1.11634
64.448 4.75266 8.33484 -0.0229033 1.10983
64.515 4.75238 8.35358 -0.0165144 1.10234
64.583 4.75222 8.37218 -0.00910437 1.09419
64.648 4.75221 8.38955 -0.00107352 1.08587
64.715 4.75235 8.40785 0.00851913 1.07647
64.783 4.75268 8.42598 0.0193204 1.06645
64.848 4.75317 8.44289 0.0306684 1.05648
64.915 4.75392 8.46066 0.0438773 1.04545
64.983 4.75491 8.47824 0.0583061 1.03403
65.048 4.75608 8.49461 0.0729811 1.02298
65.115 4.7576 8.5118 0.0895596 1.01111
65.183 4.75942 8.52878 0.107053 0.999191
65.248 4.7614 8.54459 0.124198 0.988057
65.315 4.76383 8.56119 0.142889 0.976464
65.38 4.76641 8.57664 0.160709 0.965884
65.447 4.76946 8.59288 0.17962 0.955108
65.515 4.77283 8.60894 0.198204 0.944906
65.583 4.7765 8.62485 0.216158 0.935349
65.648 4.78022 8.63968 0.232175 0.926987
65.715 4.78444 8.6553 0.248081 0.918773
65.783 4.7889 8.67079 0.262553 0.91124
65.848 4.79329 8.68526 0.274621 0.904739
65.915 4.79815 8.70054 0.285756 0.898387
65.983 4.80316 8.71571 0.294966 0.892531
66.051 4.8083 8.73079 0.302169 0.88708
66.116 4.81321 8.7449 0.307007 0.882226
66.183 4.81849 8.75982 0.310232 0.877274
66.248 4.82347 8.77378 0.311346 0.872708
66.315 4.82875 8.78854 0.310694 0.867885
66.38 4.83368 8.80235 0.30828 0.863279
66.447 4.83885 8.81694 0.304043 0.858266
66.515 4.84392 8.83144 0.298116 0.853053
66.58 4.84858 8.84501 0.291037 0.847896
66.647 4.85337 8.85932 0.282179 0.842147
66.715 4.858 8.87354 0.272004 0.836066
66.783 4.86243 8.88764 0.260642 0.829629
66.851 4.86665 8.90163 0.248225 0.822819
66.916 4.87042 8.91468 0.235634 0.81604
66.983 4.87419 8.92843 0.22153 0.808491
67.048 4.87751 8.94125 0.207571 0.801016
67.115 4.88077 8.95472 0.19223 0.792741
67.183 4.88377 8.96805 0.176415 0.78411
67.248 4.88635 8.98046 0.16114 0.775652
67.315 4.88881 8.99349 0.144685 0.766377
67.38 4.89087 9.00561 0.128974 0.757348
67.447 4.89278 9.01831 0.112212 0.747508
67.515 4.8944 9.03085 0.0954039 0.737408
67.58 4.89568 9.04249 0.0795628 0.727663
67.647 4.89675 9.05468 0.0628492 0.717123
67.715 4.89753 9.06669 0.046265 0.706389
67.783 4.89804 9.07852 0.0298553 0.695478
67.848 4.89827 9.08948 0.0145694 0.685042
67.915 4.89825 9.10093 -0.00140303 0.673835
67.98 4.89799 9.11154 -0.0162285 0.663143
68.047 4.89745 9.12262 -0.0316788 0.651686
68.112 4.89671 9.13287 -0.0459846 0.640781
68.179 4.89568 9.14357 -0.0608724 0.629109
68.247 4.8944 9.15406 -0.0754704 0.617331
68.315 4.89287 9.16436 -0.0897868 0.605445
68.383 4.89111 9.17444 -0.103835 0.593448
68.448 4.88924 9.18376 -0.116843 0.582036
68.512 4.88716 9.19289 -0.129646 0.570512
68.579 4.88473 9.20237 -0.143038 0.558141
68.647 4.88207 9.21165 -0.156256 0.545616
68.712 4.87938 9.22019 -0.168566 0.533671
68.779 4.87629 9.22904 -0.181535 0.520805
68.847 4.87298 9.23767 -0.194426 0.507742
68.915 4.86946 9.24608 -0.207273 0.494468
68.98 4.86595 9.25379 -0.219342 0.48178
69.047 4.862 9.26175 -0.232194 0.468072
69.115 4.85784 9.26947 -0.245078 0.454143
69.18 4.85372 9.27652 -0.257207 0.440858
69.247 4.84913 9.28377 -0.270123 0.426564
69.315 4.84432 9.29078 -0.283003 0.412142
69.38 4.8396 9.29715 -0.29502 0.39851
69.447 4.83437 9.30368 -0.307668 0.383993
69.515 4.82893 9.30996 -0.320102 0.369517
69.58 4.82362 9.31566 -0.331528 0.355994
69.647 4.81779 9.32147 -0.34336 0.341771
69.715 4.81175 9.32704 -0.354786 0.327774
69.78 4.80591 9.33208 -0.365097 0.314873
69.847 4.79953 9.3372 -0.375562 0.3015
69.915 4.79298 9.34211 -0.38544 0.288549
69.98 4.78667 9.34654 -0.394137 0.276812
70.047 4.77982 9.35104 -0.402715 0.264871
70.115 4.77284 9.35535 -0.410551 0.253543
70.18 4.76617 9.35925 -0.417211 0.243486
70.247 4.75897 9.36322 -0.42353 0.233464
70.312 4.75211 9.36681 -0.428746 0.224681
70.379 4.74474 9.37049 -0.433539 0.216031
70.447 4.7373 9.37402 -0.437578 0.208075
70.512 4.73025 9.37724 -0.440715 0.201202
70.579 4.72271 9.38055 -0.443407 0.194498
70.647 4.71514 9.38375 -0.445485 0.188361
70.712 4.70799 9.38668 -0.446922 0.18306
70.779 4.70037 9.3897 -0.447977 0.177844
70.847 4.69275 9.39264 -0.448586 0.173008
70.915 4.68512 9.39551 -0.4488 0.168485
70.98 4.67794 9.39814 -0.448667 0.164479
71.047 4.67032 9.40087 -0.448243 0.160388
71.115 4.66271 9.40353 -0.447544 0.156437
71.18 4.65556 9.40597 -0.446618 0.152855
71.247 4.64799 9.40851 -0.445327 0.149238
71.315 4.64045 9.41099 -0.443702 0.145881
71.38 4.63338 9.41328 -0.441866 0.142999
71.447 4.62591 9.41566 -0.439635 0.140217
71.515 4.61847 9.418 -0.437118 0.137763
71.58 4.61152 9.42017 -0.434489 0.135792
71.647 4.60419 9.42245 -0.43147 0.134037
71.715 4.59691 9.42471 -0.428239 0.132648
71.78 4.59011 9.42682 -0.425014 0.131691
71.847 4.58294 9.42904 -0.421412 0.131061
71.915 4.57584 9.43127 -0.417604 0.130863
71.983 4.56881 9.4335 -0.413604 0.131059
72.048 4.56226 9.4356 -0.409696 0.131526
72.115 4.55536 9.43785 -0.405453 0.132209
72.183 4.54854 9.44011 -0.401162 0.132963
72.248 4.54219 9.44225 -0.397111 0.133638
72.315 4.53551 9.44453 -0.392827 0.134225
72.38 4.52929 9.44668 -0.388805 0.134612
72.447 4.52276 9.44897 -0.384537 0.134813
72.515 4.51629 9.45126 -0.380256 0.134767
72.58 4.51027 9.45342 -0.376202 0.134474
72.647 4.50395 9.45569 -0.371852 0.133883
72.721 4.49698 9.45822 -0.366903 0.132891
72.782 4.49189 9.46006 -0.363169 0.131947
72.847 4.4858 9.46229 -0.358506 0.130612
72.912 4.48014 9.46435 -0.353961 0.129201
72.979 4.4742 9.46652 -0.348944 0.127601
73.047 4.46836 9.46866 -0.343729 0.125927
73.115 4.46261 9.47077 -0.338333 0.12419
73.183 4.45695 9.47285 -0.332791 0.122372
73.248 4.45171 9.47478 -0.327487 0.120532
73.315 4.44624 9.4768 -0.321807 0.118412
73.383 4.44087 9.47877 -0.316101 0.116115
73.448 4.4359 9.48059 -0.310706 0.113797
73.515 4.43071 9.48248 -0.30495 0.111215
73.583 4.42563 9.48433 -0.299155 0.108508
73.648 4.42093 9.48602 -0.293657 0.105814
73.715 4.41604 9.48777 -0.28778 0.102766
73.783 4.41124 9.48946 -0.281866 0.0994553
73.848 4.40682 9.49099 -0.276258 0.096057
73.915 4.40223 9.49256 -0.270252 0.0921391
73.983 4.39774 9.49405 -0.264157 0.0879432
74.048 4.39361 9.4954 -0.258307 0.0837851
74.112 4.38957 9.49667 -0.252333 0.0794525
74.179 4.38539 9.49794 -0.245834 0.0746902
74.247 4.38132 9.49912 -0.239156 0.0698169
74.315 4.37738 9.50023 -0.232284 0.064896
74.38 4.37377 9.50119 -0.225622 0.0602877
74.447 4.37005 9.50213 -0.218338 0.0554798
74.512 4.36667 9.50295 -0.211288 0.0510974
74.579 4.36321 9.50374 -0.203609 0.0466335
74.647 4.35988 9.50447 -0.195762 0.0423933
74.712 4.35687 9.50508 -0.188254 0.0386008
74.779 4.35381 9.50567 -0.180203 0.0347363
74.847 4.35088 9.5062 -0.172092 0.031084
74.912 4.34825 9.50665 -0.164418 0.0278668
74.979 4.3456 9.50707 -0.156245 0.0246894
75.047 4.34308 9.50744 -0.148063 0.0217665
75.112 4.34083 9.50775 -0.140364 0.0192359
75.179 4.33859 9.50803 -0.132205 0.0167384
75.247 4.33648 9.50828 -0.124076 0.0144046
75.312 4.33461 9.50847 -0.116459 0.0123393
75.379 4.33277 9.50865 -0.108401 0.0102617
75.447 4.33106 9.50879 -0.100366 0.00835502
75.512 4.32958 9.5089 -0.0928162 0.00674779
75.579 4.32814 9.50899 -0.0848133 0.00519873
75.647 4.32683 9.50905 -0.0768349 0.0038165
75.718 4.3256 9.5091 -0.0684151 0.00253108
75.784 4.32462 9.50912 -0.0609687 0.00157911
75.851 4.32372 9.50913 -0.0530938 0.000752614
75.916 4.32299 9.50914 -0.0457353 0.000174769
75.98 4.32237 9.50913 -0.03844 -0.00021461
76.047 4.32185 9.50912 -0.0307759 -0.000434342
76.115 4.32146 9.50912 -0.0232365 -0.000476927
76.18 4.32119 9.50911 -0.0162954 -0.000409629
76.247 4.32104 9.50911 -0.00909941 -0.000243063
76.315 4.321 9.5091 -0.00212819 -3.2533e-05
76.38 4.32107 9.50911 0.00416165 3.71467e-05
76.447 4.32121 9.50897 0.00835539 -0.00776884
76.515 4.32147 9.50889 0.0152686 -0.00505656
76.58 4.32179 9.50876 0.0199879 -0.00792626
76.647 4.32222 9.50859 0.0250104 -0.0100623
76.715 4.32272 9.50839 0.029817 -0.0120464
76.78 4.32327 9.50816 0.03413 -0.0138225
76.847 4.32393 9.5079 0.0385064 -0.0156237
76.915 4.32465 9.5076 0.0426809 -0.0173002
76.98 4.32539 9.5073 0.0464143 -0.0188015
77.047 4.32625 9.50696 0.0501954 -0.0203158
77.115 4.32716 9.50659 0.0537821 -0.0217483
77.18 4.32807 9.50622 0.0569773 -0.0230168
77.247 4.3291 9.50581 0.0601977 -0.0242856
77.315 4.33017 9.50537 0.0632326 -0.0254604
77.38 4.33123 9.50495 0.0659127 -0.0264696
