0.068 4.41915 8.64242 0.000966444 -0.0385007
0.136 4.41918 8.64114 0.00190246 -0.0757893
0.2 4.41923 8.63938 0.00275569 -0.10978
0.268 4.41929 8.63692 0.00363538 -0.144824
0.332 4.41936 8.63409 0.00443726 -0.176769
0.4 4.41945 8.63052 0.00526401 -0.209705
0.464 4.41955 8.62669 0.00601764 -0.239727
0.532 4.41966 8.62209 0.00679464 -0.270681
0.596 4.41978 8.6173 0.00750291 -0.298897
0.664 4.41992 8.61173 0.00823315 -0.327988
0.732 4.42007 8.60567 0.0089404 -0.356163
0.796 4.42023 8.59956 0.0095851 -0.381846
0.864 4.4204 8.59262 0.0102498 -0.408326
0.932 4.42059 8.58524 0.0108936 -0.433972
1 4.42078 8.57744 0.011517 -0.45881
1.064 4.42098 8.56974 0.0120854 -0.481452
1.132 4.42119 8.56116 0.0126714 -0.504796
1.196 4.4214 8.55274 0.0132055 -0.526075
1.264 4.42164 8.54343 0.0137562 -0.548014
1.332 4.42188 8.53375 0.0142896 -0.569262
1.396 4.42212 8.52433 0.0147758 -0.588631
1.464 4.42238 8.51398 0.0152771 -0.608601
1.532 4.42264 8.50331 0.0157626 -0.627942
1.596 4.4229 8.49298 0.0162051 -0.645572
1.664 4.42319 8.4817 0.0166614 -0.663749
1.732 4.42348 8.47011 0.0171033 -0.681354
1.796 4.42376 8.45895 0.0175062 -0.697402
1.864 4.42406 8.44682 0.0179215 -0.713947
1.932 4.42437 8.43441 0.0183237 -0.729972
1.996 4.42467 8.42249 0.0186904 -0.744579
2.064 4.425 8.40958 0.0190684 -0.759639
2.132 4.42533 8.39642 0.0194346 -0.774225
2.196 4.42564 8.38382 0.0197683 -0.787521
2.264 4.42599 8.3702 0.0201124 -0.80123
2.332 4.42633 8.35635 0.0204457 -0.814506
2.396 4.42666 8.34313 0.0207495 -0.826609
2.464 4.42702 8.32886 0.0210627 -0.839087
2.532 4.42739 8.31439 0.0213661 -0.851172
2.596 4.42773 8.3006 0.0216426 -0.862188
2.664 4.42811 8.28575 0.0219277 -0.873545
2.732 4.42848 8.27071 0.0222038 -0.884546
2.796 4.42884 8.2564 0.0224555 -0.894573
2.864 4.42923 8.24101 0.0227151 -0.904911
2.932 4.42962 8.22546 0.0229664 -0.914924
2.996 4.42999 8.21067 0.0231955 -0.924051
3.064 4.43039 8.1948 0.0234317 -0.933461
3.132 4.43079 8.17878 0.0236605 -0.942575
3.196 4.43117 8.16357 0.023869 -0.950883
3.264 4.43158 8.14726 0.024084 -0.959448
3.332 4.43199 8.1308 0.0242923 -0.967744
3.396 4.43239 8.1152 0.0244821 -0.975306
3.464 4.43281 8.09849 0.0246778 -0.983103
3.532 4.43323 8.08165 0.0248674 -0.990654
3.596 4.43363 8.06568 0.0250401 -0.997537
3.664 4.43406 8.04861 0.0252183 -1.00463
3.732 4.43449 8.03141 0.0253908 -1.01151
3.796 4.4349 8.01513 0.0255481 -1.01777
3.864 4.43534 7.99771 0.0257102 -1.02423
3.932 4.43578 7.9802 0.0258673 -1.03049
3.996 4.43619 7.96362 0.0260105 -1.03619
4.064 4.43664 7.9459 0.026158 -1.04207
4.132 4.43708 7.92809 0.026301 -1.04777
4.196 4.43751 7.91124 0.0264313 -1.05296
4.264 4.43796 7.89325 0.0265656 -1.05831
4.332 4.43841 7.87517 0.0266958 -1.06349
4.396 4.43884 7.85808 0.0268144 -1.06822
4.464 4.4393 7.83984 0.0269367 -1.07309
4.532 4.43976 7.82151 0.0270551 -1.07781
4.596 4.44019 7.8042 0.027163 -1.08211
4.664 4.44066 7.78573 0.0272744 -1.08654
4.732 4.44112 7.76719 0.0273822 -1.09084
4.796 4.44156 7.74967 0.0274804 -1.09475
4.864 4.44203 7.73099 0.0275817 -1.09879
4.932 4.4425 7.71224 0.0276799 -1.1027
4.996 4.44295 7.69454 0.0277693 -1.10626
5.064 4.44342 7.67567 0.0278615 -1.10994
5.132 4.44389 7.65674 0.0279509 -1.11349
5.196 4.44434 7.63888 0.0280323 -1.11674
5.264 4.44482 7.61984 0.0281162 -1.12008
5.332 4.4453 7.60074 0.0281975 -1.12332
5.396 4.44575 7.58272 0.0282716 -1.12627
5.464 4.44623 7.56352 0.0283481 -1.12932
5.532 4.44672 7.54427 0.0284221 -1.13226
5.596 4.44717 7.52611 0.0284895 -1.13495
5.664 4.44766 7.50677 0.0285591 -1.13772
5.732 4.44815 7.48738 0.0286264 -1.14041
5.796 4.44861 7.4691 0.0286878 -1.14285
5.864 4.44909 7.44963 0.0287511 -1.14537
5.932 4.44958 7.43012 0.0288125 -1.14782
5.996 4.45005 7.41171 0.0288683 -1.15004
6.064 4.45054 7.39212 0.028926 -1.15234
6.132 4.45103 7.3725 0.0289818 -1.15456
6.196 4.45149 7.35399 0.0290327 -1.15659
6.264 4.45199 7.33429 0.0290851 -1.15868
6.332 4.45248 7.31456 0.0291359 -1.1607
6.396 4.45295 7.29596 0.0291822 -1.16255
6.464 4.45345 7.27617 0.02923 -1.16445
6.532 4.45395 7.25634 0.0292762 -1.16629
6.596 4.45441 7.23765 0.0293184 -1.16797
6.664 4.45491 7.21777 0.0293618 -1.1697
6.732 4.45541 7.19785 0.0294039 -1.17138
6.796 4.45588 7.17909 0.0294423 -1.17291
6.864 4.45639 7.15912 0.0294818 -1.17448
6.932 4.45689 7.13913 0.0295201 -1.17601
6.996 4.45736 7.12029 0.0295551 -1.1774
7.064 4.45786 7.10025 0.0295911 -1.17883
7.132 4.45837 7.08018 0.0296259 -1.18022
7.196 4.45884 7.06128 0.0296577 -1.18149
7.264 4.45935 7.04117 0.0296905 -1.1828
7.332 4.45985 7.02104 0.0297222 -1.18406
7.396 4.46033 7.00208 0.0297512 -1.18521
7.464 4.46083 6.98191 0.029781 -1.1864
7.532 4.46134 6.96172 0.0298099 -1.18755
7.596 4.46182 6.94271 0.0298362 -1.1886
7.664 4.46233 6.92248 0.0298634 -1.18968
7.732 4.46283 6.90224 0.0298897 -1.19073
7.796 4.46331 6.88317 0.0299137 -1.19169
7.864 4.46382 6.8629 0.0299384 -1.19267
7.932 4.46433 6.84261 0.0299623 -1.19362
7.996 4.46481 6.82349 0.0299841 -1.19449
8.064 4.46532 6.80317 0.0300066 -1.19539
8.132 4.46583 6.78284 0.0300284 -1.19626
8.196 4.46631 6.76368 0.0300483 -1.19705
8.264 4.46682 6.74332 0.0300688 -1.19787
8.332 4.46734 6.72294 0.0300886 -1.19866
8.396 4.46782 6.70375 0.0301067 -1.19938
8.464 4.46833 6.68335 0.0301253 -1.20012
8.532 4.46884 6.66294 0.0301434 -1.20084
8.596 4.46932 6.64371 0.0301598 -1.20149
8.664 4.46984 6.62327 0.0301768 -1.20217
8.732 4.47035 6.60283 0.0301932 -1.20282
8.796 4.47083 6.58357 0.0302082 -1.20342
8.868 4.47138 6.5619 0.0302245 -1.20407
8.932 4.47186 6.54262 0.0302386 -1.20463
9 4.47238 6.52214 0.0302531 -1.20521
9.064 4.47286 6.50284 0.0302663 -1.20573
9.132 4.47338 6.48234 0.0302799 -1.20628
9.2 4.47389 6.46182 0.0302931 -1.2068
9.268 4.47441 6.4413 0.0303058 -1.20731
9.332 4.47489 6.42197 0.0303175 -1.20777
9.4 4.47541 6.40143 0.0303295 -1.20825
9.464 4.47589 6.38209 0.0303404 -1.20869
9.532 4.47641 6.36154 0.0303517 -1.20914
9.6 4.47692 6.34098 0.0303626 -1.20957
9.664 4.47741 6.32162 0.0303726 -1.20997
9.732 4.47793 6.30104 0.0303828 -1.21038
9.8 4.47844 6.28046 0.0303928 -1.21078
9.868 4.47896 6.25987 0.0304024 -1.21116
9.932 4.47945 6.24048 0.0304112 -1.21151
10 4.47996 6.21988 0.0304202 -1.21187
10.068 4.48048 6.19927 0.030429 -1.21222
10.132 4.48097 6.17987 0.030437 -1.21254
10.2 4.48149 6.15925 0.0304452 -1.21287
10.268 4.482 6.13863 0.0304532 -1.21318
10.332 4.48249 6.11921 0.0304605 -1.21347
10.4 4.48301 6.09858 0.030468 -1.21377
10.464 4.4835 6.07915 0.0304748 -1.21404
10.532 4.48401 6.05851 0.0304819 -1.21432
10.596 4.4845 6.03908 0.0304883 -1.21458
10.664 4.48502 6.01842 0.0304949 -1.21484
10.732 4.48554 5.99777 0.0305013 -1.2151
10.796 4.48603 5.97832 0.0305072 -1.21533
10.864 4.48655 5.95766 0.0305132 -1.21557
10.932 4.48706 5.93699 0.0305191 -1.21581
11 4.48758 5.91632 0.0305247 -1.21603
11.068 4.4881 5.89564 0.0305302 -1.21625
11.132 4.48859 5.87618 0.0305352 -1.21645
11.2 4.48911 5.85549 0.0305403 -1.21665
11.268 4.48963 5.83481 0.0305453 -1.21685
11.332 4.49012 5.81534 0.0305499 -1.21703
11.4 4.49064 5.79464 0.0305545 -1.21722
11.468 4.49116 5.77395 0.0305591 -1.2174
11.532 4.49165 5.75447 0.0305632 -1.21757
11.6 4.49217 5.73376 0.0305675 -1.21774
11.668 4.49269 5.71306 0.0305716 -1.2179
11.732 4.49318 5.69357 0.0305754 -1.21805
11.8 4.49369 5.67286 0.0305793 -1.2182
11.868 4.49421 5.65215 0.030583 -1.21835
11.932 4.4947 5.63265 0.0305865 -1.21849
12 4.49522 5.61194 0.03059 -1.21863
12.068 4.49574 5.59122 0.0305934 -1.21877
12.132 4.49623 5.57172 0.0305965 -1.21889
12.2 4.49675 5.55099 0.0305997 -1.21902
12.268 4.49727 5.53027 0.0306029 -1.21914
12.332 4.49776 5.51076 0.0306057 -1.21926
12.396 4.49825 5.49125 0.0306085 -1.21937
12.464 4.49877 5.47052 0.0306113 -1.21948
12.532 4.49929 5.44979 0.0306141 -1.21959
12.6 4.49981 5.42905 0.0306167 -1.2197
12.664 4.5003 5.40953 0.0306191 -1.21979
12.732 4.50083 5.3888 0.0306217 -1.21989
12.8 4.50135 5.36806 0.0306241 -1.21999
12.864 4.50184 5.34854 0.0306263 -1.22008
12.932 4.50236 5.32779 0.0306286 -1.22017
13 4.50288 5.30705 0.0306308 -1.22026
13.064 4.50337 5.28752 0.0306328 -1.22034
13.132 4.50389 5.26678 0.0306349 -1.22042
13.2 4.50441 5.24603 0.0306369 -1.2205
13.264 4.5049 5.2265 0.0306387 -1.22057
13.332 4.50542 5.20575 0.0306406 -1.22065
13.4 4.50594 5.18499 0.0306424 -1.22072
13.464 4.50643 5.16546 0.0306441 -1.22079
13.532 4.50695 5.14471 0.0306458 -1.22086
13.6 4.50747 5.12395 0.0306475 -1.22092
13.664 4.50796 5.10442 0.030649 -1.22098
13.732 4.50848 5.08366 0.0306506 -1.22104
13.8 4.50901 5.0629 0.0306521 -1.22111
13.864 4.5095 5.04336 0.0306535 -1.22116
13.932 4.51002 5.0226 0.0306549 -1.22122
14 4.51054 5.00184 0.0306563 -1.22127
14.064 4.51103 4.9823 0.0306575 -1.22132
14.132 4.51155 4.96153 0.0306588 -1.22137
14.2 4.51207 4.94077 0.0306601 -1.22142
14.264 4.51256 4.92123 0.0306612 -1.22147
14.332 4.51308 4.90046 0.0306624 -1.22152
14.4 4.51361 4.87969 0.0306635 -1.22156
14.464 4.5141 4.86015 0.0306646 -1.2216
14.532 4.51462 4.83938 0.0306656 -1.22165
14.6 4.51514 4.81861 0.0306667 -1.22169
14.668 4.51566 4.79784 0.0306677 -1.22173
14.732 4.51615 4.77829 0.0306686 -1.22176
14.8 4.51667 4.75752 0.0306696 -1.2218
14.868 4.51719 4.73675 0.0306705 -1.22184
14.932 4.51768 4.7172 0.0306713 -1.22187
15 4.5182 4.69643 0.0306722 -1.22191
15.064 4.5187 4.67688 0.030673 -1.22194
15.132 4.51922 4.65611 0.0306738 -1.22197
15.2 4.51974 4.63533 0.0306746 -1.222
15.268 4.52026 4.61456 0.0306753 -1.22203
15.332 4.52075 4.595 0.030676 -1.22206
15.4 4.52127 4.57423 0.0306767 -1.22209
15.464 4.52176 4.55467 0.0306774 -1.22211
15.532 4.52228 4.5339 0.0306781 -1.22214
15.596 4.52278 4.51434 0.0306787 -1.22216
15.664 4.5233 4.49357 0.0306793 -1.22219
15.732 4.52382 4.47279 0.0306799 -1.22221
15.8 4.52434 4.45201 0.0306805 -1.22224
15.864 4.52483 4.43245 0.030681 -1.22226
15.932 4.52535 4.41168 0.0306816 -1.22228
15.996 4.52584 4.39212 0.0306821 -1.2223
16.064 4.52637 4.37134 0.0306826 -1.22232
16.132 4.52689 4.35056 0.0306831 -1.22234
16.2 4.52741 4.32978 0.0306836 -1.22236
16.268 4.52793 4.309 0.0306841 -1.22238
16.332 4.52842 4.28944 0.0306845 -1.2224
16.4 4.52894 4.26866 0.030685 -1.22242
16.464 4.52943 4.2491 0.0306854 -1.22243
16.532 4.52996 4.22832 0.0306858 -1.22245
16.6 4.53048 4.20754 0.0306862 -1.22247
16.664 4.53097 4.18798 0.0306866 -1.22248
16.732 4.53149 4.16719 0.0306869 -1.2225
16.8 4.53201 4.14641 0.0306873 -1.22251
16.864 4.5325 4.12685 0.0306877 -1.22252
16.932 4.53303 4.10607 0.030688 -1.22254
17 4.53355 4.08529 0.0306883 -1.22255
17.064 4.53404 4.06572 0.0306886 -1.22256
17.132 4.53456 4.04494 0.030689 -1.22258
17.2 4.53508 4.02416 0.0306893 -1.22259
17.264 4.53557 4.0046 0.0306895 -1.2226
17.332 4.53609 3.98381 0.0306898 -1.22261
17.4 4.53662 3.96303 0.0306901 -1.22262
17.464 4.53711 3.94346 0.0306903 -1.22263
17.532 4.53763 3.92268 0.0306906 -1.22264
17.596 4.53812 3.90312 0.0306908 -1.22265
17.664 4.53864 3.88233 0.0306911 -1.22266
17.732 4.53916 3.86155 0.0306913 -1.22267
17.8 4.53968 3.84076 0.0306916 -1.22268
17.864 4.54018 3.8212 0.0306918 -1.22269
17.932 4.5407 3.80041 0.030692 -1.2227
17.996 4.54119 3.78085 0.0306922 -1.2227
18.064 4.54171 3.76006 0.0306924 -1.22271
18.132 4.54223 3.73928 0.0306926 -1.22272
18.2 4.54275 3.71849 0.0306928 -1.22273
18.264 4.54324 3.69893 0.0306929 -1.22274
18.332 4.54377 3.67814 0.0306931 -1.22274
18.396 4.54426 3.65858 0.0306933 -1.22275
18.464 4.54478 3.63779 0.0306935 -1.22276
18.532 4.5453 3.617 0.0306936 -1.22276
18.6 4.54582 3.59622 0.0306938 -1.22277
18.664 4.54631 3.57665 0.0306939 -1.22277
18.728 4.5468 3.55709 0.0306941 -1.22278
18.796 4.54733 3.5363 0.0306942 -1.22279
18.864 4.54785 3.51551 0.0306944 -1.22279
18.932 4.54837 3.49472 0.0306945 -1.2228
18.996 4.54886 3.47516 0.0306946 -1.2228
19.064 4.54938 3.45437 0.0306948 -1.22281
19.132 4.5499 3.43358 0.0306949 -1.22281
19.2 4.55043 3.4128 0.030695 -1.22282
19.332 4.55144 3.37244 0.0306952 -1.22283
19.332 4.55144 3.37244 0.0306952 -1.22283
19.396 4.55193 3.35288 0.0306953 -1.22283
19.464 4.55245 3.33209 0.0306954 -1.22283
19.532 4.55297 3.3113 0.0306956 -1.22284
19.596 4.55346 3.29174 0.0306956 -1.22284
19.664 4.55399 3.27095 0.0306957 -1.22285
19.732 4.55451 3.25016 0.0306958 -1.22285
19.796 4.555 3.23059 0.0306959 -1.22285
19.864 4.55552 3.2098 0.030696 -1.22286
19.932 4.55604 3.18902 0.0306961 -1.22286
19.996 4.55653 3.16945 0.0306962 -1.22286
20.064 4.55705 3.14866 0.0306963 -1.22287
20.132 4.55758 3.12787 0.0306964 -1.22287
20.2 4.5581 3.10708 0.0306964 -1.22287
20.264 4.55859 3.08752 0.0306965 -1.22287
20.332 4.55911 3.06673 0.0306966 -1.22288
20.4 4.55963 3.04594 0.0306967 -1.22288
20.464 4.56012 3.02637 0.0306967 -1.22288
20.532 4.56065 3.00558 0.0306968 -1.22288
20.6 4.56117 2.9848 0.0306969 -1.22289
20.664 4.56166 2.96523 0.0306969 -1.22289
20.732 4.56218 2.94444 0.030697 -1.22289
20.8 4.5627 2.92365 0.0306971 -1.22289
20.864 4.56319 2.90408 0.0306971 -1.2229
20.932 4.56371 2.88329 0.0306972 -1.2229
21 4.56424 2.86251 0.0306973 -1.2229
21.064 4.56473 2.84294 0.0306973 -1.2229
21.132 4.56525 2.82215 0.0306974 -1.2229
21.2 4.56577 2.80136 0.0306974 -1.22291
21.264 4.56626 2.78179 0.0306975 -1.22291
21.332 4.56678 2.761 0.0306975 -1.22291
21.4 4.56731 2.74021 0.0306976 -1.22291
21.464 4.5678 2.72065 0.0306976 -1.22291
21.532 4.56832 2.69986 0.0306977 -1.22291
21.596 4.56881 2.68029 0.0306977 -1.22292
21.664 4.56933 2.6595 0.0306978 -1.22292
21.732 4.56985 2.63871 0.0306978 -1.22292
21.8 4.57037 2.61792 0.0306979 -1.22292
21.864 4.57087 2.59836 0.0306979 -1.22292
21.932 4.57139 2.57757 0.0306979 -1.22292
22 4.57191 2.55678 0.030698 -1.22292
22.064 4.5724 2.53721 0.030698 -1.22293
22.132 4.57292 2.51642 0.0306981 -1.22293
22.2 4.57344 2.49563 0.0306981 -1.22293
22.264 4.57393 2.47606 0.0306981 -1.22293
22.332 4.57446 2.45527 0.0306982 -1.22293
22.396 4.57495 2.43571 0.0306982 -1.22293
22.464 4.57547 2.41492 0.0306983 -1.22293
22.532 4.57599 2.39413 0.0306983 -1.22293
22.596 4.57648 2.37456 0.0306983 -1.22293
22.664 4.577 2.35377 0.0306984 -1.22293
22.732 4.57752 2.33298 0.0306984 -1.22294
22.8 4.57805 2.31219 0.0306984 -1.22294
22.864 4.57854 2.29262 0.0306985 -1.22294
22.932 4.57906 2.27183 0.0306985 -1.22294
23 4.57958 2.25104 0.0306985 -1.22294
23.064 4.58007 2.23148 0.0306986 -1.22294
23.132 4.58059 2.21069 0.0306986 -1.22294
23.2 4.58112 2.1899 0.0306986 -1.22294
23.264 4.58161 2.17033 0.0306987 -1.22294
23.332 4.58213 2.14954 0.0306987 -1.22294
23.4 4.58265 2.12875 0.0306987 -1.22294
23.464 4.58314 2.10918 0.0306988 -1.22294
23.532 4.58366 2.08839 0.0306988 -1.22294
23.6 4.58418 2.0676 0.0306988 -1.22294
23.664 4.58468 2.04804 0.0306988 -1.22295
23.732 4.5852 2.02725 0.0306989 -1.22295
23.8 4.58572 2.00646 0.0306989 -1.22295
23.864 4.58621 1.98689 0.0306989 -1.22295
23.932 4.58673 1.9661 0.0306989 -1.22295
24 4.58725 1.94531 0.030699 -1.22295
24.064 4.58774 1.92574 0.030699 -1.22295
24.132 4.58827 1.90495 0.030699 -1.22295
24.2 4.58879 1.88416 0.0306991 -1.22295
24.264 4.58928 1.86459 0.0306991 -1.22295
24.332 4.5898 1.8438 0.0306991 -1.22295
24.396 4.59029 1.82424 0.0306991 -1.22295
24.464 4.59081 1.80345 0.0306992 -1.22295
24.532 4.59133 1.78266 0.0306992 -1.22295
24.6 4.59186 1.76187 0.0306992 -1.22295
24.664 4.59235 1.7423 0.0306992 -1.22295
24.732 4.59287 1.72151 0.0306993 -1.22295
24.8 4.59339 1.70072 0.0306993 -1.22295
24.864 4.59388 1.68115 0.0306993 -1.22295
24.932 4.5944 1.66036 0.0306993 -1.22295
25 4.59493 1.63957 0.0306994 -1.22295
25.064 4.59542 1.62 0.0306994 -1.22295
25.132 4.59594 1.59921 0.0306994 -1.22295
25.2 4.59646 1.57842 0.0306994 -1.22295
25.264 4.59695 1.55886 0.0306995 -1.22295
25.332 4.59747 1.53806 0.0306995 -1.22295
25.4 4.59799 1.51727 0.0306995 -1.22296
25.464 4.59849 1.49771 0.0306995 -1.22296
25.532 4.59901 1.47692 0.0306995 -1.22296
25.6 4.59953 1.45613 0.0306996 -1.22296
25.664 4.60002 1.43656 0.0306996 -1.22296
25.732 4.60054 1.41577 0.0306996 -1.22296
25.8 4.60106 1.39498 0.0306996 -1.22296
25.864 4.60155 1.37541 0.0306997 -1.22296
25.932 4.60208 1.35462 0.0306997 -1.22296
26 4.6026 1.33383 0.0306997 -1.22296
26.064 4.60309 1.31426 0.0306997 -1.22296
26.132 4.60361 1.29347 0.0306998 -1.22296
26.2 4.60413 1.27268 0.0306998 -1.22296
26.264 4.60462 1.25312 0.0306998 -1.22296
26.332 4.60514 1.23233 0.0306999 -1.22296
26.396 4.60564 1.21276 0.0306999 -1.22296
26.464 4.60616 1.19197 0.0307 -1.22296
26.532 4.60668 1.17118 0.0307001 -1.22296
26.6 4.6072 1.15039 0.0307002 -1.22296
26.664 4.60769 1.13082 0.0307004 -1.22295
26.732 4.60822 1.11003 0.0307006 -1.22295
26.796 4.60871 1.09046 0.0307009 -1.22295
26.864 4.60923 1.06967 0.0307014 -1.22295
26.932 4.60975 1.04888 0.0307021 -1.22294
27 4.61027 1.02809 0.0307031 -1.22293
27.064 4.61076 1.00853 0.0307045 -1.22292
27.132 4.61129 0.987737 0.0307067 -1.22291
27.2 4.61181 0.966948 0.03071 -1.22288
27.264 4.6123 0.947383 0.0307145 -1.22285
27.332 4.61282 0.926595 0.0307216 -1.2228
27.4 4.61335 0.905809 0.0307322 -1.22272
27.464 4.61384 0.886247 0.0307469 -1.22262
27.532 4.61436 0.865465 0.03077 -1.22247
27.596 4.61485 0.845909 0.0308021 -1.22226
27.664 4.61538 0.825136 0.0308525 -1.22195
27.732 4.6159 0.80437 0.030928 -1.22149
27.796 4.6164 0.784836 0.031033 -1.22088
27.864 4.61693 0.764097 0.0311981 -1.21995
27.932 4.61747 0.743381 0.0314456 -1.21859
27.996 4.61797 0.723913 0.0317901 -1.21678
28.064 4.61852 0.703274 0.0323325 -1.21402
28.132 4.61909 0.682703 0.0331449 -1.21005
28.196 4.61964 0.663428 0.0342752 -1.20474
28.264 4.62025 0.643083 0.0360505 -1.19673
28.332 4.62091 0.622933 0.0386986 -1.18531
28.396 4.62158 0.604209 0.0423583 -1.17022
28.464 4.6224 0.584696 0.0480469 -1.14782
28.532 4.62336 0.565715 0.0563947 -1.11656
28.596 4.62444 0.548492 0.0676676 -1.07644
28.664 4.62588 0.531166 0.0846193 -1.0192
28.732 4.62772 0.515125 0.108325 -0.943559
28.796 4.62994 0.501476 0.138344 -0.853086
28.864 4.63299 0.488975 0.179746 -0.735356
28.928 4.63664 0.479272 0.227876 -0.606432
28.996 4.64152 0.471514 0.287353 -0.456338
29.064 4.64749 0.466329 0.351119 -0.304984
29.132 4.65451 0.463479 0.412573 -0.167661
29.196 4.66192 0.4625 0.463099 -0.0611907
29.264 4.67055 0.462984 0.508176 0.0284838
29.332 4.67982 0.464636 0.544786 0.0971814
29.396 4.68897 0.466971 0.572191 0.145895
29.464 4.69908 0.470095 0.594491 0.183795
29.532 4.70945 0.473659 0.610198 0.209661
29.596 4.71936 0.477259 0.619429 0.224967
29.664 4.72997 0.481231 0.623843 0.23368
29.728 4.73994 0.485012 0.6234 0.236301
29.796 4.75046 0.489004 0.618466 0.234823
29.864 4.76081 0.49292 0.609379 0.230344
29.932 4.77096 0.496731 0.596503 0.22415
29.996 4.78025 0.500214 0.581239 0.217709
30.064 4.7898 0.503805 0.561781 0.211237
30.132 4.79897 0.507305 0.539225 0.205899
30.196 4.80722 0.510544 0.515383 0.202443
30.264 4.8155 0.513963 0.487229 0.20109
30.332 4.82326 0.517403 0.456425 0.202383
30.396 4.83006 0.5207 0.425316 0.206053
30.464 4.83669 0.524317 0.390031 0.212736
30.532 4.8427 0.528088 0.352967 0.221865
30.596 4.84777 0.531802 0.317046 0.232083
30.664 4.85249 0.535955 0.278016 0.244309
30.732 4.85656 0.540323 0.238921 0.256935
30.796 4.8598 0.544615 0.202817 0.268251
30.864 4.86261 0.549363 0.165403 0.279297
30.932 4.86482 0.554268 0.129638 0.288527
30.996 4.86638 0.558989 0.097921 0.295064
31.064 4.86751 0.564086 0.0661748 0.299822
31.132 4.86813 0.569222 0.036701 0.302101
31.196 4.86831 0.574053 0.0111441 0.301943
31.264 4.86807 0.579147 -0.0139502 0.299644
31.332 4.86745 0.584165 -0.0368771 0.29521
31.396 4.86654 0.588793 -0.0564949 0.289214
31.464 4.86526 0.593574 -0.0755128 0.281238
31.532 4.86368 0.598194 -0.0926813 0.271765
31.596 4.86197 0.60238 -0.107207 0.26165
31.664 4.85991 0.606629 -0.121121 0.249928
31.732 4.85764 0.610664 -0.13352 0.237374
31.796 4.85534 0.614264 -0.14386 0.224957
31.864 4.85273 0.617857 -0.153595 0.211376
31.932 4.84997 0.621215 -0.162077 0.197544
31.996 4.84727 0.624166 -0.168949 0.184423
32.064 4.84429 0.627066 -0.175167 0.170565
32.132 4.84123 0.629733 -0.180276 0.156904
32.196 4.83828 0.632042 -0.184077 0.144317
32.264 4.8351 0.634275 -0.187079 0.131373
32.332 4.83189 0.636298 -0.188993 0.118947
32.396 4.82885 0.638022 -0.18978 0.10779
32.464 4.82563 0.639665 -0.18952 0.0966107
32.532 4.82243 0.64113 -0.188088 0.0861807
32.596 4.81946 0.642363 -0.185636 0.0770881
32.664 4.81637 0.643524 -0.181791 0.0682753
32.732 4.81337 0.64455 -0.17662 0.0603612
32.796 4.81064 0.64541 -0.170508 0.0537441
32.864 4.80788 0.64622 -0.162597 0.0476494
32.932 4.80527 0.646942 -0.153193 0.0425019
33 4.80285 0.647593 -0.142257 0.0382849
33.064 4.80076 0.648155 -0.130574 0.0351085
33.132 4.79878 0.648708 -0.116608 0.0325599
33.2 4.79706 0.649231 -0.101112 0.0307332
33.264 4.7957 0.649703 -0.0852421 0.0295084
33.332 4.79456 0.650189 -0.0670456 0.0285926
33.4 4.79375 0.65066 -0.0477832 0.0277212
33.464 4.79328 0.651083 -0.0292155 0.0264491
33.532 4.79311 0.651492 -0.00998001 0.0240399
33.596 4.79318 0.651814 0.0043424 0.0200882
33.664 4.79338 0.652089 0.0117722 0.0162339
33.732 4.79362 0.652339 0.0139865 0.0146966
33.796 4.79385 0.652569 0.0148275 0.0143458
33.864 4.79412 0.652815 0.0154674 0.0144511
33.932 4.79439 0.653066 0.0160242 0.0147798
33.996 4.79465 0.653308 0.0164922 0.0151523
34.064 4.79494 0.653572 0.0168923 0.0155209
34.132 4.79523 0.65384 0.0171134 0.015783
34.196 4.7955 0.654094 0.0170988 0.0158726
34.264 4.79579 0.654362 0.0167671 0.0157335
34.332 4.79606 0.654622 0.0160604 0.0152962
34.396 4.7963 0.654855 0.015029 0.0145691
34.464 4.79653 0.655083 0.0134723 0.0133985
34.532 4.79673 0.655283 0.0114566 0.0117684
34.596 4.79687 0.655439 0.0091759 0.00977769
34.664 4.79698 0.65556 0.00629785 0.00711185
34.732 4.79703 0.655625 0.0031103 0.0037941
34.796 4.79703 0.655625 -4.43232e-06 5.8075e-06
34.864 4.79733 0.655445 0.0176925 -0.0105518
34.932 4.79736 0.655371 0.00143819 -0.00438512
34.996 4.79723 0.655385 -0.00784705 0.000867909
35.064 4.79739 0.655222 0.00944473 -0.00958184
35.132 4.79724 0.655134 -0.0089231 -0.00518707
35.196 4.79723 0.654939 -0.000816762 -0.0121661
35.264 4.79705 0.65473 -0.0103833 -0.0122847
35.332 4.79688 0.654412 -0.0100733 -0.0187011
35.396 4.79665 0.654031 -0.0144503 -0.0238322
35.464 4.79632 0.653509 -0.0195065 -0.0307165
35.532 4.79589 0.652851 -0.0254133 -0.0387166
35.596 4.79538 0.652096 -0.0317051 -0.0471566
35.664 4.79471 0.651125 -0.0392388 -0.0571091
35.732 4.79391 0.649969 -0.0475172 -0.0679996
35.796 4.79301 0.648705 -0.0558824 -0.0790344
35.864 4.7919 0.647147 -0.0654116 -0.0916336
35.932 4.79062 0.645361 -0.0754674 -0.105067
35.996 4.78925 0.643466 -0.0853 -0.118412
36.064 4.78762 0.641199 -0.0961517 -0.133386
36.132 4.78579 0.638664 -0.10729 -0.149118
36.196 4.78391 0.636031 -0.117926 -0.16456
36.264 4.78171 0.632942 -0.12939 -0.181691
36.332 4.77931 0.62955 -0.140903 -0.199503
36.396 4.77688 0.626081 -0.15168 -0.216833
36.464 4.77411 0.622071 -0.163065 -0.235883
36.532 4.77115 0.617727 -0.174272 -0.255518
36.596 4.7682 0.613336 -0.184566 -0.274471
36.664 4.76488 0.608319 -0.195225 -0.295125
36.732 4.76138 0.602943 -0.205501 -0.316233
36.796 4.75795 0.59756 -0.214745 -0.336442
36.864 4.75414 0.591469 -0.224101 -0.358274
36.932 4.75018 0.585002 -0.232897 -0.380389
36.996 4.74633 0.57858 -0.240603 -0.401381
37.064 4.74211 0.571375 -0.248169 -0.423856
37.132 4.73777 0.563786 -0.255038 -0.446412
37.196 4.7336 0.556304 -0.260821 -0.467632
37.264 4.72907 0.547971 -0.266235 -0.490144
37.332 4.72447 0.539258 -0.270861 -0.512528
37.396 4.72008 0.530724 -0.274473 -0.5334
37.464 4.71536 0.521283 -0.277527 -0.555345
37.532 4.7106 0.511474 -0.279763 -0.576973
37.596 4.70611 0.501923 -0.281123 -0.59697
37.664 4.70132 0.49142 -0.281794 -0.617827
37.732 4.69653 0.48057 -0.281684 -0.638217
37.796 4.69203 0.470059 -0.280891 -0.656932
37.864 4.68728 0.458562 -0.279348 -0.676316
37.932 4.68257 0.446744 -0.277121 -0.695141
37.996 4.67818 0.435347 -0.274443 -0.712316
38.064 4.67358 0.422937 -0.27102 -0.730009
38.132 4.66904 0.410236 -0.267055 -0.747106
38.196 4.66483 0.398034 -0.262879 -0.762636
38.264 4.66044 0.384798 -0.258017 -0.778574
38.332 4.65615 0.371302 -0.252774 -0.793923
38.396 4.65218 0.358376 -0.247544 -0.807828
38.464 4.64808 0.344401 -0.241716 -0.822066
38.532 4.64407 0.330193 -0.235662 -0.835755
38.596 4.64039 0.316623 -0.229808 -0.848139
38.664 4.63659 0.301989 -0.223452 -0.860812
38.732 4.6329 0.287149 -0.217004 -0.872989
38.796 4.62953 0.273005 -0.21089 -0.884007
38.864 4.62606 0.257785 -0.204367 -0.895284
38.932 4.62269 0.24238 -0.197851 -0.906128
38.996 4.61962 0.227725 -0.191755 -0.915947
39.064 4.61647 0.211983 -0.185326 -0.926007
39.132 4.61343 0.196076 -0.178972 -0.935692
39.196 4.61066 0.180965 -0.17308 -0.944473
39.264 4.60782 0.164756 -0.166915 -0.953482
39.332 4.60509 0.148399 -0.160865 -0.962168
39.396 4.6026 0.132878 -0.155288 -0.970053
39.464 4.60006 0.116249 -0.149483 -0.978154
39.532 4.59762 0.0994878 -0.143812 -0.985974
39.596 4.5954 0.0835985 -0.138605 -0.993083
39.664 4.59314 0.0665918 -0.133201 -1.00039
39.732 4.59096 0.0494649 -0.127937 -1.00746
39.796 4.58899 0.0332427 -0.123115 -1.01389
39.864 4.58698 0.015894 -0.118121 -1.02051
39.932 4.58506 -0.00156342 -0.113264 -1.02691
39.996 4.58332 -0.0180872 -0.10882 -1.03274
40.064 4.58155 -0.0357458 -0.104223 -1.03874
40.132 4.57985 -0.0535032 -0.0997566 -1.04455
40.196 4.57832 -0.0703007 -0.0956731 -1.04984
40.264 4.57677 -0.0882408 -0.0914517 -1.0553
40.332 4.57528 -0.106271 -0.087352 -1.06058
40.396 4.57394 -0.123317 -0.0836053 -1.06539
40.464 4.57259 -0.141513 -0.0797332 -1.07034
40.532 4.5713 -0.15979 -0.0759739 -1.07514
40.596 4.57013 -0.177062 -0.0725388 -1.07952
40.664 4.56896 -0.195491 -0.0689893 -1.08403
40.732 4.56785 -0.213994 -0.0655435 -1.08839
40.796 4.56685 -0.231472 -0.0623952 -1.09237
40.864 4.56584 -0.250112 -0.0591423 -1.09648
40.932 4.56489 -0.268819 -0.0559846 -1.10045
40.996 4.56404 -0.286484 -0.0530997 -1.10407
41.064 4.56319 -0.305317 -0.0501189 -1.1078
41.132 4.56239 -0.324211 -0.0472254 -1.11142
41.196 4.56167 -0.342047 -0.0445819 -1.11471
41.264 4.56096 -0.361055 -0.0418506 -1.11811
41.332 4.5603 -0.380118 -0.0391993 -1.1214
41.396 4.55971 -0.398109 -0.0367771 -1.1244
41.464 4.55912 -0.417276 -0.0342743 -1.12749
41.532 4.55858 -0.436494 -0.0318449 -1.13049
41.596 4.55811 -0.454626 -0.0296252 -1.13322
41.664 4.55764 -0.473938 -0.0273319 -1.13603
41.732 4.55722 -0.493297 -0.0251056 -1.13875
41.796 4.55685 -0.511557 -0.0230717 -1.14124
41.864 4.55649 -0.531002 -0.0209701 -1.1438
41.932 4.55617 -0.550488 -0.01893 -1.14628
41.996 4.5559 -0.568865 -0.0170661 -1.14854
42.064 4.55564 -0.58843 -0.0151401 -1.15087
42.132 4.55541 -0.608033 -0.0132705 -1.15312
42.196 4.55523 -0.626516 -0.0115624 -1.15518
42.264 4.55506 -0.64619 -0.00979736 -1.1573
42.332 4.55492 -0.665899 -0.00808393 -1.15936
42.396 4.55482 -0.684479 -0.00651842 -1.16123
42.464 4.55474 -0.704252 -0.0049008 -1.16316
42.532 4.55468 -0.724058 -0.00333043 -1.16503
42.596 4.55465 -0.742725 -0.00189561 -1.16673
42.664 4.55464 -0.76259 -0.000412997 -1.16849
42.732 4.55466 -0.782483 0.00102633 -1.17019
42.796 4.5547 -0.801231 0.00234144 -1.17174
42.864 4.55476 -0.821177 0.00370037 -1.17333
42.932 4.55485 -0.84115 0.00501964 -1.17488
42.996 4.55495 -0.859971 0.00622509 -1.17629
43.064 4.55507 -0.879993 0.00747072 -1.17775
43.132 4.55522 -0.900038 0.00868002 -1.17916
43.196 4.55538 -0.918925 0.00978499 -1.18044
43.264 4.55556 -0.939015 0.0109268 -1.18176
43.332 4.55577 -0.959127 0.0120354 -1.18304
43.396 4.55598 -0.978074 0.0130483 -1.18421
43.464 4.55622 -0.998227 0.014095 -1.18542
43.532 4.55647 -1.0184 0.0151113 -1.18658
43.596 4.55673 -1.0374 0.0160399 -1.18765
43.664 4.55702 -1.05761 0.0169995 -1.18874
43.732 4.55732 -1.07784 0.0179312 -1.1898
43.796 4.55762 -1.09689 0.0187825 -1.19077
43.864 4.55796 -1.11715 0.0196623 -1.19177
43.932 4.55831 -1.13743 0.0205165 -1.19274
43.996 4.55865 -1.15652 0.021297 -1.19362
44.064 4.55902 -1.17683 0.0221037 -1.19452
44.132 4.55941 -1.19715 0.0228869 -1.1954
44.196 4.55979 -1.21629 0.0236026 -1.1962
44.264 4.5602 -1.23664 0.0243422 -1.19703
44.332 4.56063 -1.257 0.0250603 -1.19783
44.396 4.56104 -1.27618 0.0257166 -1.19856
44.464 4.56149 -1.29657 0.0263948 -1.19931
44.532 4.56195 -1.31697 0.0270533 -1.20004
44.596 4.56239 -1.33618 0.0276551 -1.2007
44.664 4.56287 -1.3566 0.028277 -1.20139
44.732 4.56336 -1.37704 0.0288809 -1.20205
44.796 4.56383 -1.39628 0.0294327 -1.20265
44.864 4.56434 -1.41674 0.0300031 -1.20327
44.932 4.56486 -1.4372 0.0305569 -1.20388
44.996 4.56536 -1.45647 0.031063 -1.20443
45.064 4.5659 -1.47696 0.0315861 -1.20499
45.132 4.56644 -1.49745 0.032094 -1.20554
45.2 4.567 -1.51796 0.0325872 -1.20607
45.264 4.56753 -1.53726 0.033038 -1.20656
45.332 4.5681 -1.55778 0.0335039 -1.20706
45.4 4.56867 -1.57831 0.0339562 -1.20754
45.464 4.56922 -1.59764 0.0343697 -1.20798
45.532 4.56981 -1.61818 0.034797 -1.20843
45.6 4.57041 -1.63873 0.035212 -1.20887
45.664 4.57098 -1.65808 0.0355912 -1.20928
45.732 4.57159 -1.67864 0.0359832 -1.20969
45.8 4.57221 -1.69922 0.0363639 -1.21009
45.864 4.5728 -1.71858 0.0367118 -1.21045
45.932 4.57343 -1.73917 0.0370714 -1.21083
46 4.57407 -1.75976 0.0374206 -1.21119
46.064 4.57467 -1.77914 0.0377398 -1.21153
46.132 4.57532 -1.79974 0.0380697 -1.21187
46.2 4.57597 -1.82035 0.0383901 -1.2122
46.264 4.57659 -1.83975 0.0386829 -1.2125
46.332 4.57725 -1.86037 0.0389856 -1.21281
46.396 4.57788 -1.87978 0.0392623 -1.2131
46.464 4.57855 -1.90041 0.0395483 -1.21339
46.532 4.57923 -1.92104 0.039826 -1.21367
46.596 4.57987 -1.94046 0.0400799 -1.21393
46.664 4.58056 -1.9611 0.0403423 -1.2142
46.732 4.58125 -1.98175 0.0405972 -1.21446
46.796 4.5819 -2.00118 0.0408302 -1.21469
46.864 4.5826 -2.02184 0.041071 -1.21493
46.928 4.58326 -2.04128 0.0412911 -1.21515
46.996 4.58396 -2.06194 0.0415187 -1.21538
47.064 4.58467 -2.08261 0.0417397 -1.2156
47.132 4.58539 -2.10328 0.0419543 -1.21582
47.196 4.58606 -2.12273 0.0421505 -1.21601
47.264 4.58678 -2.14341 0.0423534 -1.21621
47.332 4.5875 -2.16409 0.0425504 -1.21641
47.396 4.58819 -2.18355 0.0427305 -1.21658
47.464 4.58892 -2.20424 0.0429167 -1.21676
47.528 4.58961 -2.22371 0.0430869 -1.21693
47.596 4.59034 -2.2444 0.0432628 -1.2171
47.664 4.59108 -2.26509 0.0434337 -1.21727
47.732 4.59182 -2.28579 0.0435997 -1.21743
47.796 4.59252 -2.30527 0.0437515 -1.21758
47.864 4.59327 -2.32597 0.0439084 -1.21773
47.932 4.59402 -2.34667 0.0440608 -1.21787
47.996 4.59472 -2.36616 0.0442001 -1.21801
48.064 4.59548 -2.38687 0.0443441 -1.21814
48.132 4.59623 -2.40758 0.044484 -1.21828
48.196 4.59695 -2.42708 0.044612 -1.2184
48.264 4.59771 -2.44779 0.0447442 -1.21852
48.332 4.59847 -2.46851 0.0448727 -1.21865
48.4 4.59924 -2.48923 0.0449975 -1.21876
48.464 4.59996 -2.50873 0.0451116 -1.21887
48.532 4.60073 -2.52945 0.0452295 -1.21898
48.596 4.60145 -2.54896 0.0453374 -1.21908
48.664 4.60222 -2.56968 0.0454489 -1.21918
48.732 4.603 -2.59041 0.0455572 -1.21928
48.796 4.60373 -2.60992 0.0456563 -1.21938
48.864 4.60451 -2.63065 0.0457587 -1.21947
48.932 4.60529 -2.65138 0.0458582 -1.21956
48.996 4.60602 -2.6709 0.0459492 -1.21964
49.064 4.60681 -2.69163 0.0460432 -1.21973
49.132 4.60759 -2.71237 0.0461346 -1.21981
49.2 4.60838 -2.73311 0.0462234 -1.21989
49.264 4.60912 -2.75263 0.0463046 -1.21997
49.332 4.60991 -2.77337 0.0463885 -1.22004
49.4 4.6107 -2.79411 0.0464701 -1.22012
49.464 4.61144 -2.81363 0.0465446 -1.22018
49.532 4.61223 -2.83438 0.0466217 -1.22025
49.6 4.61303 -2.85512 0.0466967 -1.22032
49.664 4.61377 -2.87465 0.0467652 -1.22038
49.732 4.61457 -2.8954 0.046836 -1.22044
49.796 4.61532 -2.91493 0.0469008 -1.2205
49.864 4.61612 -2.93568 0.0469678 -1.22056
49.932 4.61692 -2.95643 0.0470329 -1.22061
49.996 4.61767 -2.97596 0.0470924 -1.22067
50.064 4.61847 -2.99671 0.047154 -1.22072
50.132 4.61928 -3.01746 0.0472138 -1.22077
50.196 4.62003 -3.037 0.0472685 -1.22082
50.264 4.62084 -3.05775 0.047325 -1.22087
50.332 4.62164 -3.07851 0.04738 -1.22091
50.396 4.6224 -3.09804 0.0474303 -1.22096
50.464 4.62321 -3.1188 0.0474823 -1.221
50.532 4.62402 -3.13956 0.0475328 -1.22104
50.596 4.62478 -3.15909 0.047579 -1.22108
50.664 4.62559 -3.17985 0.0476268 -1.22112
50.732 4.6264 -3.20061 0.0476732 -1.22116
50.796 4.62716 -3.22015 0.0477157 -1.2212
50.868 4.62802 -3.24213 0.0477622 -1.22124
50.932 4.62879 -3.26167 0.0478023 -1.22127
50.996 4.62955 -3.28121 0.0478414 -1.2213
51.064 4.63037 -3.30198 0.0478818 -1.22134
51.132 4.63118 -3.32274 0.047921 -1.22137
51.196 4.63195 -3.34228 0.0479569 -1.2214
51.264 4.63276 -3.36305 0.0479941 -1.22143
51.332 4.63358 -3.38381 0.0480302 -1.22146
51.4 4.6344 -3.40458 0.0480652 -1.22149
51.468 4.63521 -3.42534 0.0480993 -1.22151
51.532 4.63598 -3.44489 0.0481305 -1.22154
51.6 4.6368 -3.46565 0.0481628 -1.22156
51.668 4.63762 -3.48642 0.0481941 -1.22159
51.736 4.63844 -3.50719 0.0482246 -1.22161
51.8 4.63921 -3.52673 0.0482525 -1.22164
51.868 4.64004 -3.5475 0.0482813 -1.22166
51.932 4.64081 -3.56705 0.0483077 -1.22168
52 4.64163 -3.58782 0.048335 -1.2217
52.068 4.64245 -3.60859 0.0483615 -1.22172
52.132 4.64323 -3.62814 0.0483858 -1.22174
52.2 4.64405 -3.64891 0.0484109 -1.22176
52.268 4.64487 -3.66968 0.0484353 -1.22178
52.332 4.64565 -3.68922 0.0484576 -1.2218
52.4 4.64647 -3.71 0.0484807 -1.22181
52.468 4.6473 -3.73077 0.0485032 -1.22183
52.532 4.64807 -3.75032 0.0485237 -1.22185
52.6 4.6489 -3.77109 0.048545 -1.22186
52.668 4.64972 -3.79186 0.0485656 -1.22188
52.732 4.6505 -3.81141 0.0485845 -1.22189
52.8 4.65133 -3.83218 0.0486041 -1.22191
52.868 4.65215 -3.85296 0.0486231 -1.22192
52.932 4.65293 -3.87251 0.0486405 -1.22193
53 4.65376 -3.89328 0.0486585 -1.22195
53.068 4.65459 -3.91405 0.048676 -1.22196
53.132 4.65537 -3.9336 0.048692 -1.22197
53.2 4.65619 -3.95438 0.0487086 -1.22198
53.268 4.65702 -3.97515 0.0487247 -1.222
53.332 4.6578 -3.9947 0.0487395 -1.22201
53.4 4.65863 -4.01548 0.0487547 -1.22202
53.468 4.65946 -4.03625 0.0487696 -1.22203
53.532 4.66024 -4.05581 0.0487832 -1.22204
53.6 4.66107 -4.07658 0.0487972 -1.22205
53.668 4.6619 -4.09736 0.0488109 -1.22206
53.732 4.66268 -4.11691 0.0488234 -1.22207
53.8 4.66351 -4.13768 0.0488363 -1.22208
53.864 4.66429 -4.15724 0.0488482 -1.22208
53.932 4.66512 -4.17801 0.0488604 -1.22209
54 4.66595 -4.19879 0.0488723 -1.2221
54.064 4.66674 -4.21834 0.0488832 -1.22211
54.132 4.66757 -4.23912 0.0488945 -1.22212
54.196 4.66835 -4.25867 0.0489049 -1.22212
54.264 4.66918 -4.27945 0.0489156 -1.22213
54.332 4.67001 -4.30022 0.048926 -1.22214
54.4 4.67084 -4.321 0.0489361 -1.22215
54.468 4.67168 -4.34178 0.0489459 -1.22215
54.532 4.67246 -4.36133 0.0489549 -1.22216
54.6 4.67329 -4.38211 0.0489642 -1.22216
54.668 4.67413 -4.40289 0.0489733 -1.22217
54.732 4.67491 -4.42244 0.0489816 -1.22218
54.796 4.67569 -4.442 0.0489897 -1.22218
54.864 4.67653 -4.46277 0.0489981 -1.22219
54.932 4.67736 -4.48355 0.0490062 -1.22219
55 4.67819 -4.50433 0.0490141 -1.2222
55.068 4.67903 -4.5251 0.0490218 -1.2222
55.132 4.67981 -4.54466 0.0490289 -1.22221
55.2 4.68064 -4.56544 0.0490362 -1.22221
55.264 4.68143 -4.58499 0.0490428 -1.22222
55.332 4.68226 -4.60577 0.0490498 -1.22222
55.396 4.68305 -4.62533 0.0490561 -1.22222
55.464 4.68388 -4.6461 0.0490626 -1.22223
55.532 4.68472 -4.66688 0.049069 -1.22223
55.596 4.6855 -4.68644 0.0490749 -1.22224
55.664 4.68634 -4.70722 0.0490809 -1.22224
55.732 4.68717 -4.72799 0.0490868 -1.22224
55.8 4.688 -4.74877 0.0490925 -1.22225
55.864 4.68879 -4.76833 0.0490977 -1.22225
55.932 4.68962 -4.78911 0.0491032 -1.22225
56 4.69046 -4.80988 0.0491085 -1.22226
56.064 4.69125 -4.82944 0.0491133 -1.22226
56.132 4.69208 -4.85022 0.0491183 -1.22226
56.2 4.69291 -4.871 0.0491232 -1.22227
56.264 4.6937 -4.89055 0.0491276 -1.22227
56.332 4.69454 -4.91133 0.0491323 -1.22227
56.4 4.69537 -4.93211 0.0491368 -1.22227
56.464 4.69616 -4.95167 0.0491409 -1.22228
56.532 4.69699 -4.97245 0.0491451 -1.22228
56.6 4.69783 -4.99323 0.0491493 -1.22228
56.664 4.69862 -5.01278 0.0491531 -1.22228
56.732 4.69945 -5.03356 0.049157 -1.22229
56.8 4.70029 -5.05434 0.0491609 -1.22229
56.864 4.70107 -5.0739 0.0491644 -1.22229
56.932 4.70191 -5.09468 0.049168 -1.22229
57 4.70275 -5.11545 0.0491716 -1.22229
57.064 4.70353 -5.13501 0.0491748 -1.2223
57.132 4.70437 -5.15579 0.0491782 -1.2223
57.2 4.7052 -5.17657 0.0491814 -1.2223
57.264 4.70599 -5.19613 0.0491844 -1.2223
57.332 4.70683 -5.21691 0.0491875 -1.2223
57.396 4.70761 -5.23646 0.0491904 -1.2223
57.464 4.70845 -5.25724 0.0491933 -1.22231
57.532 4.70929 -5.27802 0.0491962 -1.22231
57.596 4.71007 -5.29758 0.0491988 -1.22231
57.664 4.71091 -5.31836 0.0492015 -1.22231
57.732 4.71175 -5.33914 0.0492042 -1.22231
57.796 4.71253 -5.35869 0.0492066 -1.22231
57.864 4.71337 -5.37947 0.0492091 -1.22231
57.932 4.71421 -5.40025 0.0492116 -1.22232
57.996 4.71499 -5.41981 0.0492138 -1.22232
58.064 4.71583 -5.44059 0.0492162 -1.22232
58.132 4.71667 -5.46137 0.0492184 -1.22232
58.2 4.7175 -5.48215 0.0492206 -1.22232
58.264 4.71829 -5.5017 0.0492227 -1.22232
58.332 4.71913 -5.52248 0.0492248 -1.22232
58.4 4.71997 -5.54326 0.0492268 -1.22232
58.464 4.72075 -5.56282 0.0492287 -1.22232
58.532 4.72159 -5.5836 0.0492306 -1.22233
58.6 4.72243 -5.60438 0.0492325 -1.22233
58.664 4.72322 -5.62394 0.0492342 -1.22233
58.732 4.72405 -5.64472 0.049236 -1.22233
58.8 4.72489 -5.6655 0.0492378 -1.22233
58.864 4.72568 -5.68505 0.0492394 -1.22233
58.932 4.72651 -5.70583 0.049241 -1.22233
59 4.72735 -5.72661 0.0492427 -1.22233
59.064 4.72814 -5.74617 0.0492442 -1.22233
59.132 4.72898 -5.76695 0.0492457 -1.22233
59.2 4.72981 -5.78773 0.0492472 -1.22233
59.264 4.7306 -5.80729 0.0492486 -1.22233
59.332 4.73144 -5.82807 0.04925 -1.22233
59.4 4.73228 -5.84885 0.0492514 -1.22234
59.464 4.73307 -5.8684 0.0492526 -1.22234
59.532 4.7339 -5.88918 0.049254 -1.22234
59.6 4.73474 -5.90996 0.0492552 -1.22234
59.664 4.73553 -5.92952 0.0492564 -1.22234
59.732 4.73637 -5.9503 0.0492576 -1.22234
59.8 4.7372 -5.97108 0.0492588 -1.22234
59.864 4.73799 -5.99064 0.0492599 -1.22234
59.932 4.73883 -6.01142 0.049261 -1.22234
60 4.73967 -6.0322 0.0492621 -1.22234
60.064 4.74045 -6.05175 0.0492632 -1.22234
60.132 4.74129 -6.07253 0.0492642 -1.22234
60.2 4.74213 -6.09331 0.0492652 -1.22234
60.264 4.74292 -6.11287 0.0492662 -1.22234
60.328 4.7437 -6.13243 0.0492671 -1.22234
60.396 4.74454 -6.15321 0.0492681 -1.22234
60.464 4.74538 -6.17399 0.049269 -1.22234
60.532 4.74622 -6.19477 0.0492699 -1.22234
60.596 4.74701 -6.21432 0.0492707 -1.22234
60.664 4.74784 -6.2351 0.0492716 -1.22234
60.732 4.74868 -6.25588 0.0492724 -1.22234
60.796 4.74947 -6.27544 0.0492732 -1.22234
60.864 4.75031 -6.29622 0.049274 -1.22234
60.932 4.75115 -6.317 0.0492748 -1.22235
60.996 4.75193 -6.33656 0.0492755 -1.22235
61.064 4.75277 -6.35734 0.0492763 -1.22235
61.132 4.75361 -6.37812 0.049277 -1.22235
61.2 4.75445 -6.3989 0.0492777 -1.22235
61.264 4.75524 -6.41846 0.0492783 -1.22235
61.332 4.75607 -6.43924 0.049279 -1.22235
61.4 4.75691 -6.46002 0.0492797 -1.22235
61.464 4.7577 -6.47957 0.0492803 -1.22235
61.532 4.75854 -6.50035 0.0492809 -1.22235
61.6 4.75938 -6.52113 0.0492815 -1.22235
61.664 4.76016 -6.54069 0.049282 -1.22235
61.732 4.761 -6.56147 0.0492826 -1.22235
61.8 4.76184 -6.58225 0.0492832 -1.22235
61.864 4.76263 -6.60181 0.0492837 -1.22235
61.932 4.76347 -6.62259 0.0492842 -1.22235
62 4.7643 -6.64337 0.0492847 -1.22235
62.068 4.76514 -6.66415 0.0492852 -1.22235
62.132 4.76593 -6.68371 0.0492857 -1.22235
62.2 4.76677 -6.70449 0.0492862 -1.22235
62.268 4.76761 -6.72527 0.0492867 -1.22235
62.332 4.76839 -6.74482 0.0492871 -1.22235
62.4 4.76923 -6.7656 0.0492876 -1.22235
62.464 4.77002 -6.78516 0.049288 -1.22235
62.532 4.77086 -6.80594 0.0492884 -1.22235
62.6 4.7717 -6.82672 0.0492888 -1.22235
62.668 4.77253 -6.8475 0.0492892 -1.22235
62.732 4.77332 -6.86706 0.0492896 -1.22235
62.8 4.77416 -6.88784 0.04929 -1.22235
62.864 4.77495 -6.9074 0.0492904 -1.22235
62.932 4.77579 -6.92818 0.0492908 -1.22235
63 4.77663 -6.94896 0.0492911 -1.22235
63.068 4.77746 -6.96974 0.0492915 -1.22235
63.132 4.77825 -6.9893 0.0492919 -1.22235
63.2 4.77909 -7.01008 0.0492922 -1.22235
63.264 4.77988 -7.02963 0.0492925 -1.22235
63.332 4.78072 -7.05041 0.0492929 -1.22235
63.396 4.78151 -7.06997 0.0492932 -1.22235
63.464 4.78234 -7.09075 0.0492935 -1.22235
63.532 4.78318 -7.11153 0.0492939 -1.22235
63.596 4.78397 -7.13109 0.0492942 -1.22235
63.664 4.78481 -7.15187 0.0492945 -1.22235
63.732 4.78565 -7.17265 0.0492948 -1.22235
63.8 4.78648 -7.19343 0.0492951 -1.22235
63.868 4.78732 -7.21421 0.0492954 -1.22235
63.932 4.78811 -7.23377 0.0492957 -1.22235
64 4.78895 -7.25455 0.049296 -1.22235
64.068 4.78978 -7.27533 0.0492963 -1.22235
64.132 4.79057 -7.29488 0.0492966 -1.22235
64.2 4.79141 -7.31566 0.0492969 -1.22235
64.268 4.79225 -7.33644 0.0492972 -1.22235
64.332 4.79304 -7.356 0.0492974 -1.22235
64.4 4.79388 -7.37678 0.0492977 -1.22235
64.464 4.79467 -7.39634 0.049298 -1.22235
64.532 4.7955 -7.41712 0.0492982 -1.22235
64.6 4.79634 -7.4379 0.0492985 -1.22235
64.664 4.79713 -7.45746 0.0492987 -1.22235
64.732 4.79797 -7.47824 0.0492989 -1.22235
64.8 4.79881 -7.49902 0.0492991 -1.22235
64.864 4.7996 -7.51857 0.0492994 -1.22235
64.932 4.80043 -7.53935 0.0492996 -1.22235
65 4.80127 -7.56013 0.0492998 -1.22235
65.064 4.80206 -7.57969 0.0493 -1.22235
65.132 4.8029 -7.60047 0.0493002 -1.22235
65.2 4.80374 -7.62125 0.0493003 -1.22235
65.264 4.80453 -7.64081 0.0493005 -1.22235
65.332 4.80537 -7.66159 0.0493007 -1.22235
65.396 4.80615 -7.68115 0.0493009 -1.22235
65.464 4.80699 -7.70193 0.049301 -1.22235
65.532 4.80783 -7.72271 0.0493012 -1.22235
65.6 4.80867 -7.74349 0.0493014 -1.22235
65.664 4.80946 -7.76304 0.0493015 -1.22235
65.732 4.8103 -7.78382 0.0493017 -1.22235
65.8 4.81113 -7.80461 0.0493018 -1.22235
65.864 4.81192 -7.82416 0.0493019 -1.22235
65.932 4.81276 -7.84494 0.0493021 -1.22235
66 4.8136 -7.86572 0.0493022 -1.22235
66.068 4.81444 -7.8865 0.0493023 -1.22235
66.132 4.81523 -7.90606 0.0493025 -1.22235
66.2 4.81606 -7.92684 0.0493026 -1.22235
66.264 4.81685 -7.9464 0.0493027 -1.22235
66.332 4.81769 -7.96718 0.0493028 -1.22235
66.396 4.81848 -7.98674 0.0493029 -1.22235
66.464 4.81932 -8.00751 0.049303 -1.22235
66.532 4.82016 -8.02829 0.0493032 -1.22235
66.596 4.82095 -8.04785 0.0493033 -1.22235
66.664 4.82178 -8.06863 0.0493034 -1.22235
66.732 4.82262 -8.08941 0.0493035 -1.22235
66.8 4.82346 -8.11019 0.0493036 -1.22235
66.868 4.8243 -8.13097 0.0493037 -1.22235
66.932 4.82509 -8.15053 0.0493037 -1.22235
67 4.82593 -8.17131 0.0493038 -1.22235
67.064 4.82671 -8.19087 0.0493039 -1.22235
67.132 4.82755 -8.21165 0.049304 -1.22235
67.2 4.82839 -8.23243 0.0493041 -1.22235
67.264 4.82918 -8.25198 0.0493042 -1.22235
67.332 4.83002 -8.27276 0.0493043 -1.22235
67.396 4.83081 -8.29232 0.0493043 -1.22235
67.464 4.83164 -8.3131 0.0493044 -1.22235
67.532 4.83248 -8.33388 0.0493045 -1.22235
67.596 4.83327 -8.35344 0.0493046 -1.22235
67.664 4.83411 -8.37422 0.0493047 -1.22235
67.732 4.83495 -8.395 0.0493048 -1.22235
67.8 4.83579 -8.41578 0.0493048 -1.22235
67.864 4.83658 -8.43534 0.0493049 -1.22235
67.932 4.83741 -8.45611 0.049305 -1.22235
67.996 4.8382 -8.47567 0.049305 -1.22235
68.064 4.83904 -8.49645 0.0493051 -1.22235
68.128 4.83983 -8.51601 0.0493052 -1.22235
68.196 4.84067 -8.53679 0.0493053 -1.22235
68.264 4.84151 -8.55757 0.0493054 -1.22235
68.332 4.84234 -8.57835 0.0493054 -1.22235
68.4 4.84318 -8.59913 0.0493055 -1.22235
68.464 4.84397 -8.61869 0.0493056 -1.22235
68.528 4.84476 -8.63824 0.0493056 -1.22235
68.596 4.8456 -8.65902 0.0493057 -1.22235
68.664 4.84644 -8.6798 0.0493058 -1.22235
68.728 4.84722 -8.69936 0.0493059 -1.22235
68.796 4.84806 -8.72014 0.049306 -1.22235
68.864 4.8489 -8.74092 0.0493061 -1.22235
68.932 4.84974 -8.7617 0.0493062 -1.22235
68.996 4.85053 -8.78126 0.0493062 -1.22235
69.064 4.85137 -8.80204 0.0493063 -1.22235
69.132 4.8522 -8.82282 0.0493064 -1.22235
69.196 4.85299 -8.84238 0.0493065 -1.22235
69.264 4.85383 -8.86316 0.0493066 -1.22235
69.332 4.85467 -8.88393 0.0493067 -1.22235
69.396 4.85546 -8.90349 0.0493068 -1.22235
69.464 4.8563 -8.92427 0.049307 -1.22235
69.532 4.85714 -8.94505 0.0493071 -1.22235
69.596 4.85792 -8.96461 0.0493072 -1.22235
69.664 4.85876 -8.98539 0.0493074 -1.22235
69.732 4.8596 -9.00617 0.0493076 -1.22235
69.796 4.86039 -9.02573 0.0493077 -1.22235
69.864 4.86123 -9.04651 0.049308 -1.22235
69.932 4.86207 -9.06729 0.0493083 -1.22235
69.996 4.86285 -9.08684 0.0493085 -1.22235
70.064 4.86369 -9.10762 0.0493088 -1.22235
70.132 4.86453 -9.1284 0.0493091 -1.22235
70.196 4.86532 -9.14796 0.0493095 -1.22235
70.264 4.86616 -9.16874 0.0493098 -1.22235
70.328 4.86695 -9.1883 0.0493111 -1.22235
70.396 4.86773 -9.20777 0.0462064 -1.14539
70.464 4.86847 -9.22598 0.0431996 -1.07085
70.528 4.86912 -9.24202 0.0404587 -1.0029
70.596 4.86976 -9.25788 0.0376327 -0.93285
70.664 4.87035 -9.27259 0.0348955 -0.865001
70.728 4.87087 -9.28544 0.0324005 -0.803153
70.796 4.87137 -9.29801 0.0298281 -0.739387
70.864 4.87184 -9.30953 0.0273367 -0.677629
70.932 4.87226 -9.32003 0.0249237 -0.617814
70.996 4.87263 -9.32904 0.0227241 -0.563291
71.064 4.87297 -9.33766 0.0204563 -0.507076
71.132 4.87328 -9.34536 0.01826 -0.452631
71.196 4.87354 -9.3518 0.0162579 -0.403002
71.264 4.87379 -9.35779 0.0141937 -0.351833
71.332 4.87399 -9.36292 0.0121944 -0.302275
71.396 4.87416 -9.36704 0.010372 -0.257101
71.464 4.8743 -9.37062 0.00849303 -0.210526
71.532 4.87442 -9.37343 0.00667321 -0.165417
71.596 4.8745 -9.37542 0.00501434 -0.124297
71.664 4.87455 -9.37681 0.00330405 -0.0819029
71.732 4.87458 -9.3775 0.00164758 -0.0408429
71.796 4.87458 -9.37756 0.000137607 -0.00341487
71.864 4.87456 -9.37696 -0.00141924 0.0351741
71.932 4.87451 -9.37573 -0.00292704 0.0725483
72 4.87444 -9.37388 -0.00438739 0.108746
72.064 4.87434 -9.37161 -0.00571861 0.141742
72.132 4.87422 -9.36862 -0.00709111 0.175761
72.2 4.87408 -9.36508 -0.00842039 0.208709
72.264 4.87393 -9.36126 -0.00963209 0.238743
72.332 4.87374 -9.35667 -0.0108814 0.269709
72.396 4.87355 -9.3519 -0.0120202 0.297935
72.464 4.87332 -9.34634 -0.0131944 0.327037
72.532 4.87308 -9.3403 -0.0143316 0.355223
72.596 4.87284 -9.33421 -0.0153683 0.380916
72.664 4.87256 -9.32728 -0.016437 0.407406
72.74 4.87222 -9.319 -0.0175939 0.43608
72.796 4.87196 -9.31261 -0.0184164 0.456465
72.864 4.87163 -9.30444 -0.0193892 0.480576
72.928 4.87131 -9.2964 -0.0202759 0.502555
72.996 4.87095 -9.28747 -0.0211903 0.525215
73.064 4.87057 -9.27817 -0.0220759 0.547162
73.132 4.87018 -9.2685 -0.0229337 0.568418
73.2 4.86978 -9.25849 -0.0237644 0.589005
73.264 4.86939 -9.24877 -0.0245216 0.607771
73.332 4.86896 -9.2381 -0.0253024 0.627119
73.4 4.86852 -9.22713 -0.0260586 0.645858
73.464 4.86809 -9.21652 -0.026748 0.662939
73.532 4.86762 -9.20495 -0.0274585 0.68055
73.6 4.86714 -9.19309 -0.0281467 0.697607
73.664 4.86668 -9.18168 -0.0287743 0.713155
73.732 4.86618 -9.16928 -0.0294208 0.729185
73.8 4.86572 -9.15793 -0.026941 0.667748
73.864 4.86533 -9.14814 -0.0246817 0.611745
73.932 4.86495 -9.13873 -0.0223524 0.554005
74 4.86461 -9.13026 -0.0200962 0.498082
74.064 4.86432 -9.12311 -0.0180398 0.447107
74.128 4.86406 -9.11674 -0.0160444 0.397641
74.196 4.86382 -9.11085 -0.0139871 0.346641
74.264 4.86362 -9.1058 -0.0119945 0.297247
74.332 4.86345 -9.10156 -0.0100644 0.249408
74.396 4.86332 -9.09826 -0.00830503 0.2058
74.464 4.86321 -9.09553 -0.00649097 0.160839
74.528 4.86313 -9.09361 -0.00483744 0.119856
74.596 4.86307 -9.09229 -0.00313268 0.0776011
74.664 4.86305 -9.09167 -0.0014815 0.0366766
74.728 4.86305 -9.09168 2.36723e-05 -0.000627979
74.796 4.86308 -9.09234 0.00157551 -0.0390897
74.864 4.86313 -9.09364 0.00307855 -0.0763406
74.928 4.8632 -9.09541 0.00444861 -0.110297
74.996 4.8633 -9.09788 0.00586122 -0.145306
75.064 4.86342 -9.10092 0.00722937 -0.179213
75.128 4.86356 -9.10429 0.00847646 -0.210121
75.196 4.86372 -9.1084 0.00976234 -0.241987
75.264 4.86391 -9.11304 0.0110078 -0.272851
75.328 4.86411 -9.11785 0.0121432 -0.300984
75.396 4.86433 -9.12346 0.0133141 -0.32999
75.464 4.86458 -9.12955 0.014448 -0.358083
75.528 4.86482 -9.13569 0.0154817 -0.383691
75.596 4.86511 -9.14266 0.0165477 -0.410093
75.664 4.86541 -9.15007 0.0175803 -0.435665
75.736 4.86574 -9.15838 0.0186393 -0.461887
75.8 4.86605 -9.16613 0.0195491 -0.48442
75.868 4.8664 -9.17476 0.0204875 -0.507651
75.932 4.8667 -9.18206 0.018476 -0.456389
75.996 4.86696 -9.18857 0.0164642 -0.406649
76.064 4.86721 -9.19461 0.0143895 -0.355366
76.132 4.86742 -9.19981 0.0123797 -0.305697
76.196 4.86758 -9.20397 0.0105475 -0.260421
76.264 4.86773 -9.20761 0.00865823 -0.213742
76.332 4.86785 -9.21047 0.00682808 -0.168531
76.396 4.86793 -9.21251 0.0051599 -0.12732
76.464 4.86799 -9.21395 0.00343992 -0.0848307
76.532 4.86802 -9.21469 0.00177381 -0.0436788
76.596 4.86802 -9.21479 0.000255109 -0.00616691
76.664 4.868 -9.21424 -0.001311 0.0325085
76.732 4.86795 -9.21305 -0.00282776 0.0699664
76.796 4.86789 -9.21139 -0.00421035 0.104111
76.864 4.86779 -9.20902 -0.00563605 0.139315
76.932 4.86767 -9.20607 -0.00701691 0.17341
76.996 4.86754 -9.2028 -0.00827582 0.20449
77.064 4.86737 -9.19878 -0.00957373 0.236533
77.132 4.86719 -9.19423 -0.0108311 0.267568
77.196 4.867 -9.18949 -0.0119777 0.295858
77.264 4.86678 -9.18397 -0.0131602 0.325025
77.332 4.86653 -9.17796 -0.0143067 0.353274
77.396 4.86629 -9.1719 -0.0153558 0.379024
