0.016 4.00042 -8.4994 0.0262602 0.0374406
0.033 4.00133 -8.49811 0.0533336 0.0760426
0.05 4.00268 -8.49618 0.0795518 0.113429
0.066 4.00433 -8.49382 0.103447 0.147509
0.083 4.00651 -8.49071 0.128078 0.182646
0.1 4.00909 -8.48703 0.151927 0.216677
0.116 4.01187 -8.48307 0.173658 0.247697
0.133 4.01521 -8.47831 0.196055 0.27968
0.15 4.01891 -8.47303 0.217736 0.310656
0.166 4.02271 -8.46761 0.237488 0.338892
0.183 4.02709 -8.46135 0.257841 0.368004
0.2 4.03181 -8.45462 0.277539 0.396199
0.216 4.03654 -8.44787 0.29548 0.4219
0.233 4.04187 -8.44024 0.313963 0.448399
0.25 4.04751 -8.43218 0.331847 0.474063
0.266 4.05308 -8.42422 0.348132 0.497457
0.283 4.05929 -8.41536 0.364905 0.521577
0.3 4.06577 -8.40609 0.38113 0.544937
0.316 4.0721 -8.39703 0.3959 0.566231
0.333 4.07909 -8.38703 0.411108 0.588186
0.35 4.08633 -8.37667 0.425814 0.609449
0.366 4.09336 -8.36661 0.439198 0.628831
0.383 4.10106 -8.35558 0.452975 0.648815
0.4 4.10898 -8.34422 0.466293 0.668169
0.416 4.11664 -8.33325 0.478409 0.685811
0.433 4.12498 -8.32128 0.490877 0.704001
0.45 4.13353 -8.30902 0.502924 0.721617
0.466 4.14176 -8.29721 0.513881 0.737676
0.483 4.15068 -8.28439 0.52515 0.754232
0.5 4.1598 -8.2713 0.536036 0.770266
0.515 4.16798 -8.25954 0.545313 0.783969
0.532 4.17742 -8.24595 0.555508 0.799067
0.549 4.18703 -8.23212 0.565352 0.81369
0.566 4.1968 -8.21805 0.574855 0.827852
0.583 4.20673 -8.20374 0.584026 0.841568
0.6 4.21681 -8.18921 0.592877 0.854851
0.616 4.22642 -8.17533 0.600914 0.86696
0.633 4.23678 -8.16038 0.609169 0.879444
0.65 4.24727 -8.14523 0.61713 0.891534
0.666 4.25726 -8.13079 0.624354 0.902555
0.683 4.268 -8.11525 0.63177 0.913917
0.699 4.27822 -8.10046 0.638497 0.924274
0.716 4.28919 -8.08457 0.645399 0.934951
0.733 4.30027 -8.0685 0.652048 0.945292
0.75 4.31147 -8.05226 0.658451 0.955307
0.766 4.3221 -8.03683 0.664253 0.964436
0.783 4.33349 -8.02027 0.6702 0.973847
0.799 4.3443 -8.00455 0.675585 0.982425
0.816 4.35588 -7.9877 0.681102 0.991269
0.833 4.36755 -7.9707 0.686406 0.999834
0.85 4.3793 -7.95357 0.691505 1.00813
0.866 4.39044 -7.93731 0.696116 1.01569
0.883 4.40235 -7.91992 0.700834 1.02348
0.9 4.41435 -7.90239 0.705362 1.03103
0.916 4.4257 -7.88578 0.709453 1.03791
0.933 4.43783 -7.86802 0.713633 1.045
0.95 4.45003 -7.85013 0.71764 1.05187
0.966 4.46157 -7.8332 0.721255 1.05813
0.983 4.47389 -7.81511 0.724942 1.06458
1 4.48628 -7.7969 0.728473 1.07083
1.016 4.49798 -7.77968 0.731652 1.07653
1.033 4.51048 -7.76128 0.73489 1.0824
1.049 4.52228 -7.74387 0.737801 1.08775
1.066 4.53487 -7.72529 0.740764 1.09327
1.082 4.54677 -7.70772 0.743424 1.09829
1.099 4.55945 -7.68896 0.746126 1.10348
1.116 4.57218 -7.67011 0.7487 1.10849
1.133 4.58495 -7.65118 0.75115 1.11335
1.15 4.59776 -7.63218 0.753479 1.11806
1.166 4.60985 -7.61422 0.75556 1.12234
1.183 4.62273 -7.59506 0.757665 1.12676
1.199 4.63488 -7.57697 0.759543 1.13079
1.216 4.64782 -7.55768 0.761436 1.13494
1.233 4.6608 -7.53832 0.763226 1.13896
1.249 4.67304 -7.52003 0.764815 1.14262
1.266 4.68607 -7.50054 0.766412 1.1464
1.283 4.69912 -7.48099 0.767913 1.15005
1.299 4.71143 -7.46254 0.769239 1.15338
1.316 4.72453 -7.44287 0.770563 1.15681
1.333 4.73765 -7.42315 0.7718 1.16013
1.35 4.75079 -7.40337 0.772953 1.16335
1.366 4.76317 -7.38471 0.77396 1.16628
1.383 4.77635 -7.36484 0.774956 1.1693
1.4 4.78954 -7.34491 0.775874 1.17222
1.416 4.80196 -7.32611 0.776667 1.17488
1.433 4.81518 -7.30609 0.777441 1.17762
1.45 4.82841 -7.28603 0.778145 1.18028
1.466 4.84087 -7.2671 0.778742 1.18269
1.483 4.85412 -7.24695 0.779314 1.18519
1.5 4.86737 -7.22677 0.779821 1.1876
1.516 4.87986 -7.20773 0.780239 1.18979
1.533 4.89313 -7.18746 0.780626 1.19205
1.55 4.9064 -7.16716 0.780953 1.19424
1.566 4.9189 -7.14802 0.781207 1.19624
1.583 4.93219 -7.12765 0.781424 1.19829
1.6 4.94547 -7.10725 0.781587 1.20028
1.616 4.95798 -7.08801 0.781691 1.20208
1.633 4.97127 -7.06755 0.781753 1.20395
1.65 4.98456 -7.04705 0.781765 1.20575
1.666 4.99707 -7.02773 0.781731 1.20739
1.683 5.01036 -7.00718 0.781651 1.20908
1.7 5.02318 -6.98659 0.754458 1.21071
1.716 5.03486 -6.9672 0.729635 1.2122
1.733 5.04682 -6.94656 0.704009 1.21373
1.75 5.05837 -6.92591 0.679156 1.21521
1.766 5.06887 -6.90644 0.65647 1.21655
1.783 5.07964 -6.88574 0.63305 1.21794
1.8 5.09001 -6.86501 0.610336 1.21928
1.816 5.09944 -6.84548 0.589603 1.2205
1.833 5.1091 -6.82471 0.568199 1.22175
1.85 5.11841 -6.80392 0.547439 1.22297
1.866 5.12687 -6.78434 0.52849 1.22407
1.883 5.13552 -6.76351 0.508927 1.22521
1.9 5.14385 -6.74266 0.489954 1.22631
1.916 5.15141 -6.72302 0.472635 1.22731
1.933 5.15914 -6.70214 0.454756 1.22834
1.95 5.16658 -6.68124 0.437415 1.22934
1.966 5.17332 -6.66156 0.421586 1.23024
1.983 5.18021 -6.64063 0.405244 1.23117
2 5.18683 -6.61968 0.389395 1.23208
2.016 5.19283 -6.59996 0.374928 1.2329
2.033 5.19895 -6.57898 0.359992 1.23374
2.05 5.20482 -6.558 0.345505 1.23455
2.066 5.21014 -6.53823 0.332282 1.2353
2.083 5.21556 -6.51722 0.318631 1.23606
2.1 5.22075 -6.49619 0.30539 1.2368
2.115 5.22516 -6.47763 0.294059 1.23743
2.132 5.22995 -6.45658 0.281558 1.23812
2.149 5.23453 -6.43552 0.269434 1.23879
2.166 5.23891 -6.41445 0.257675 1.23944
2.183 5.24309 -6.39337 0.24627 1.24006
2.199 5.24687 -6.37352 0.235859 1.24063
2.216 5.25069 -6.35242 0.22511 1.24121
2.233 5.25434 -6.33131 0.214686 1.24178
2.249 5.25763 -6.31143 0.205169 1.24229
2.266 5.26095 -6.29031 0.195345 1.24282
2.283 5.26411 -6.26917 0.185816 1.24333
2.299 5.26694 -6.24927 0.177117 1.2438
2.316 5.2698 -6.22812 0.168137 1.24427
2.333 5.27251 -6.20696 0.159426 1.24474
2.35 5.27508 -6.18579 0.150978 1.24518
2.366 5.27737 -6.16586 0.143266 1.24559
2.383 5.27967 -6.14468 0.135304 1.24601
2.4 5.28184 -6.12349 0.127582 1.24641
2.416 5.28376 -6.10354 0.120532 1.24678
2.433 5.28569 -6.08234 0.113254 1.24715
2.45 5.2875 -6.06113 0.106195 1.24752
2.466 5.28909 -6.04116 0.0997508 1.24785
2.483 5.29067 -6.01994 0.0930976 1.24819
2.5 5.29215 -5.99872 0.0866446 1.24852
2.516 5.29344 -5.97874 0.0807538 1.24882
2.533 5.29471 -5.9575 0.0746718 1.24913
2.55 5.29588 -5.93626 0.0687728 1.24943
2.566 5.29689 -5.91627 0.0633877 1.2497
2.583 5.29788 -5.89502 0.0578279 1.24998
2.599 5.29872 -5.87501 0.0527524 1.25023
2.615 5.29948 -5.85501 0.0478205 1.25047
2.632 5.30021 -5.83374 0.0427285 1.25073
2.649 5.30085 -5.81248 0.0377896 1.25097
2.666 5.30141 -5.79121 0.0329992 1.2512
2.683 5.3019 -5.76993 0.0283526 1.25143
2.699 5.30228 -5.74991 0.0241109 1.25164
2.716 5.30262 -5.72863 0.0197314 1.25185
2.733 5.30288 -5.70734 0.0154835 1.25205
2.749 5.30307 -5.6873 0.0116056 1.25224
2.766 5.30319 -5.66601 0.00760181 1.25243
2.783 5.30326 -5.64472 0.00371828 1.25262
2.799 5.30326 -5.62467 0.000172974 1.25279
2.816 5.3032 -5.60337 -0.00348744 1.25296
2.833 5.30311 -5.58207 -0.00560691 1.25312
2.85 5.30298 -5.56077 -0.00766488 1.25329
2.866 5.30282 -5.54071 -0.00954565 1.25343
2.883 5.30263 -5.5194 -0.0114895 1.25358
2.9 5.3024 -5.49809 -0.0133772 1.25373
2.916 5.30216 -5.47802 -0.0151025 1.25386
2.933 5.30187 -5.45671 -0.0168859 1.254
2.95 5.30156 -5.43539 -0.0186179 1.25413
2.966 5.30123 -5.41532 -0.0202011 1.25425
2.983 5.30086 -5.39399 -0.0218378 1.25437
3 5.30046 -5.37267 -0.0234275 1.25449
3.016 5.30006 -5.35259 -0.0248809 1.25459
3.033 5.29962 -5.33126 -0.0263835 1.2547
3.05 5.29914 -5.30993 -0.0278432 1.25481
3.066 5.29868 -5.28985 -0.0291779 1.25491
3.083 5.29816 -5.26852 -0.030558 1.25501
3.099 5.29765 -5.24844 -0.03182 1.2551
3.116 5.29708 -5.2271 -0.0331251 1.25519
3.133 5.2965 -5.20576 -0.0343932 1.25528
3.15 5.29589 -5.18442 -0.0356255 1.25536
3.166 5.29531 -5.16433 -0.0367526 1.25544
3.182 5.2947 -5.14424 -0.0378498 1.25552
3.199 5.29404 -5.1229 -0.0389847 1.25559
3.216 5.29336 -5.10155 -0.0400878 1.25567
3.233 5.29266 -5.0802 -0.0411601 1.25574
3.25 5.29194 -5.05885 -0.0422024 1.25581
3.266 5.29125 -5.03876 -0.043156 1.25587
3.283 5.2905 -5.01741 -0.0441428 1.25594
3.299 5.28978 -4.99731 -0.0450458 1.25599
3.316 5.289 -4.97596 -0.0459802 1.25605
3.333 5.2882 -4.95461 -0.0468888 1.25611
3.35 5.28739 -4.93325 -0.0477724 1.25617
3.366 5.28661 -4.91315 -0.0485813 1.25622
3.383 5.28577 -4.8918 -0.0494185 1.25627
3.399 5.28497 -4.8717 -0.050185 1.25631
3.416 5.2841 -4.85034 -0.0509785 1.25636
3.433 5.28322 -4.82898 -0.0517505 1.25641
3.45 5.28233 -4.80762 -0.0525016 1.25645
3.466 5.28153 -4.78809 -0.0497081 1.22036
3.482 5.28078 -4.76913 -0.0469915 1.18528
3.499 5.28003 -4.74959 -0.0441854 1.14906
3.516 5.27932 -4.73066 -0.0414632 1.11393
3.533 5.27866 -4.7123 -0.0388231 1.07987
3.549 5.27808 -4.69552 -0.036414 1.04879
3.566 5.2775 -4.67824 -0.0339279 1.01673
3.583 5.27697 -4.66148 -0.0315183 0.985652
3.599 5.2765 -4.64616 -0.0293207 0.957316
3.616 5.27604 -4.63038 -0.0270542 0.928092
3.633 5.27562 -4.61509 -0.0248587 0.899783
3.649 5.27525 -4.6011 -0.0228574 0.873979
3.666 5.2749 -4.5867 -0.0207945 0.847378
3.683 5.27458 -4.57273 -0.0187974 0.821623
3.699 5.27431 -4.55996 -0.0169781 0.798157
3.716 5.27405 -4.5468 -0.015104 0.77398
3.733 5.27382 -4.53404 -0.0132912 0.750586
3.75 5.27363 -4.52167 -0.0115382 0.727956
3.766 5.27347 -4.51035 -0.00994313 0.707357
3.783 5.27333 -4.49868 -0.00830248 0.686158
3.799 5.27322 -4.48801 -0.00681101 0.666874
3.816 5.27313 -4.47702 -0.00527861 0.647046
3.833 5.27306 -4.46634 -0.00380071 0.627905
3.85 5.27302 -4.45598 -0.0023766 0.60944
3.866 5.27301 -4.4465 -0.00108593 0.592684
3.883 5.27301 -4.43671 0.000235042 0.575505
3.899 5.27301 -4.42775 8.11506e-05 0.559946
3.916 5.27301 -4.41851 -9.04545e-05 0.544035
3.933 5.27303 -4.40952 0.0011607 0.528775
3.949 5.27304 -4.40128 0.000937889 0.515019
3.966 5.27306 -4.39276 0.000688475 0.501034
3.983 5.27306 -4.38447 0.000424313 0.487716
3.999 5.27307 -4.37685 0.000160717 0.475806
4.016 5.27306 -4.36897 -0.000140214 0.463819
4.033 5.27308 -4.36128 0.00096763 0.452542
4.049 5.27309 -4.35419 0.000596608 0.442592
4.066 5.27309 -4.34684 0.000172825 0.432748
4.083 5.27309 -4.33963 -0.000283437 0.423674
4.099 5.2731 -4.33298 0.000604082 0.41585
4.116 5.2731 -4.32604 3.18256e-05 0.408335
4.133 5.27309 -4.31921 -0.000582203 0.401656
4.149 5.27309 -4.31287 0.000149092 0.396139
4.166 5.27308 -4.30622 -0.000598119 0.391141
4.183 5.27308 -4.29964 3.71275e-05 0.387035
4.199 5.27307 -4.2935 -0.000800601 0.383979
4.216 5.27306 -4.28701 -0.000313447 0.381642
4.233 5.27306 -4.28055 7.31326e-05 0.38023
4.25 5.27305 -4.27409 -0.00107344 0.379748
4.266 5.27303 -4.26801 -0.000851713 0.380117
4.283 5.27302 -4.26153 -0.000717253 0.381436
4.299 5.27301 -4.25539 -0.000680065 0.383488
4.316 5.273 -4.24882 -0.000739739 0.38658
4.333 5.27298 -4.24218 -0.000896892 0.390561
4.349 5.27296 -4.23586 -0.00112891 0.395071
4.366 5.27294 -4.22905 -0.00146856 0.400718
4.383 5.2729 -4.22212 -0.00189788 0.407181
4.399 5.27287 -4.2155 -0.00237768 0.413947
4.416 5.27282 -4.20833 -0.00297113 0.4219
4.433 5.27275 -4.20101 -0.0036433 0.430564
4.449 5.27268 -4.19398 -0.00434084 0.439297
4.466 5.2726 -4.18634 -0.00515357 0.449223
4.483 5.27249 -4.17853 -0.00603194 0.459733
4.499 5.27238 -4.17101 -0.00691121 0.470085
4.516 5.27225 -4.16282 -0.00790352 0.481598
4.533 5.2721 -4.15443 -0.0089474 0.49356
4.549 5.27194 -4.14635 -0.00996964 0.505152
4.566 5.27175 -4.13754 -0.0111 0.51785
4.583 5.27154 -4.12852 -0.012268 0.53086
4.599 5.27133 -4.11983 -0.0133948 0.543321
4.616 5.27108 -4.11036 -0.014623 0.556813
4.632 5.27082 -4.10125 -0.0157988 0.569654
4.649 5.27053 -4.09133 -0.0170712 0.583472
4.666 5.27022 -4.08117 -0.0183605 0.597403
4.683 5.26989 -4.07078 -0.019663 0.611409
4.699 5.26955 -4.06078 -0.0208953 0.624605
4.716 5.26918 -4.04993 -0.0222137 0.638667
4.733 5.26878 -4.03883 -0.0235357 0.652712
4.749 5.26838 -4.02818 -0.0247783 0.665869
4.766 5.26794 -4.01662 -0.0260993 0.679808
4.783 5.26747 -4.00483 -0.027416 0.693658
4.799 5.26701 -3.99352 -0.0286474 0.706571
4.816 5.2665 -3.98128 -0.0299498 0.720188
4.833 5.26597 -3.96881 -0.031242 0.73366
4.849 5.26545 -3.95687 -0.0324455 0.746172
4.866 5.26488 -3.94396 -0.0337132 0.759318
4.883 5.26428 -3.93083 -0.0349662 0.772277
4.899 5.26371 -3.91828 -0.0361293 0.784276
4.916 5.26307 -3.90474 -0.0373506 0.796843
4.933 5.26242 -3.89098 -0.038554 0.809196
4.949 5.26178 -3.87785 -0.0396682 0.820604
4.966 5.26109 -3.8637 -0.040835 0.832522
4.983 5.26037 -3.84935 -0.0419819 0.844208
4.999 5.25968 -3.83567 -0.0430415 0.854978
5.016 5.25893 -3.82094 -0.0441487 0.866206
5.033 5.25816 -3.80603 -0.0452349 0.877193
5.049 5.25743 -3.79183 -0.0462367 0.887302
5.066 5.25662 -3.77657 -0.0472818 0.897821
5.083 5.2558 -3.76113 -0.0483054 0.908098
5.099 5.25501 -3.74645 -0.0492481 0.917539
5.116 5.25416 -3.73068 -0.0502302 0.927349
5.133 5.25329 -3.71476 -0.0511908 0.936921
5.149 5.25246 -3.69963 -0.0520747 0.945703
5.166 5.25155 -3.68339 -0.0529943 0.954818
5.183 5.25064 -3.66701 -0.0538931 0.9637
5.199 5.24976 -3.65146 -0.0547192 0.971842
5.216 5.24882 -3.6348 -0.0555781 0.980283
5.233 5.24786 -3.61799 -0.0564167 0.988501
5.249 5.24694 -3.60206 -0.0571872 0.996028
5.266 5.24596 -3.58499 -0.0579875 1.00382
5.283 5.24496 -3.5678 -0.0587686 1.01141
5.299 5.24401 -3.5515 -0.0594858 1.01835
5.316 5.24298 -3.53407 -0.0602305 1.02554
5.332 5.24201 -3.51756 -0.060914 1.03211
5.349 5.24096 -3.49989 -0.0616236 1.03891
5.365 5.23997 -3.48317 -0.0622749 1.04513
5.382 5.2389 -3.4653 -0.0629508 1.05156
5.399 5.23781 -3.44731 -0.0636099 1.05781
5.416 5.23672 -3.42923 -0.0642525 1.06388
5.433 5.23562 -3.41104 -0.0648791 1.06977
5.449 5.23457 -3.39384 -0.065454 1.07516
5.466 5.23345 -3.37547 -0.0660505 1.08072
5.483 5.23232 -3.357 -0.0666321 1.08613
5.499 5.23124 -3.33955 -0.0671657 1.09106
5.516 5.23009 -3.32091 -0.0677193 1.09616
5.533 5.22893 -3.30219 -0.0682591 1.10111
5.549 5.22783 -3.2845 -0.0687544 1.10562
5.566 5.22665 -3.26563 -0.0692683 1.11029
5.583 5.22547 -3.24667 -0.0697694 1.11482
5.599 5.22434 -3.22877 -0.0702292 1.11895
5.616 5.22314 -3.20968 -0.0707064 1.12322
5.633 5.22193 -3.19051 -0.0711718 1.12735
5.649 5.22078 -3.17241 -0.071599 1.13113
5.666 5.21956 -3.15312 -0.0720424 1.13503
5.683 5.21833 -3.13376 -0.0724749 1.13881
5.699 5.21716 -3.11548 -0.0728721 1.14226
5.716 5.21592 -3.096 -0.0732844 1.14582
5.733 5.21466 -3.07647 -0.0736868 1.14927
5.749 5.21348 -3.05803 -0.0740563 1.15242
5.766 5.21221 -3.03838 -0.0744402 1.15566
5.783 5.21094 -3.01868 -0.0748149 1.15881
5.799 5.20974 -3.00009 -0.0751591 1.16169
5.816 5.20845 -2.9803 -0.0755169 1.16465
5.833 5.20716 -2.96045 -0.0758662 1.16752
5.849 5.20595 -2.94173 -0.0761874 1.17014
5.866 5.20465 -2.92179 -0.0765212 1.17284
5.883 5.20334 -2.9018 -0.0768474 1.17546
5.899 5.2021 -2.88296 -0.0771474 1.17785
5.916 5.20079 -2.86289 -0.0774594 1.18032
5.933 5.19947 -2.84279 -0.0777645 1.1827
5.949 5.19822 -2.82383 -0.0780452 1.18488
5.966 5.19688 -2.80365 -0.0783373 1.18713
5.983 5.19555 -2.78343 -0.0786231 1.1893
5.999 5.19429 -2.76437 -0.0788862 1.19128
6.016 5.19294 -2.74408 -0.0791602 1.19333
6.033 5.19159 -2.72376 -0.0794283 1.19531
6.049 5.19032 -2.70461 -0.0796754 1.19712
6.066 5.18896 -2.68423 -0.0799328 1.19898
6.083 5.18759 -2.66381 -0.080185 1.20079
6.099 5.18631 -2.64457 -0.0804175 1.20243
6.116 5.18494 -2.6241 -0.0806599 1.20413
6.133 5.18356 -2.60361 -0.0808975 1.20577
6.149 5.18226 -2.58429 -0.0811167 1.20727
6.166 5.18088 -2.56374 -0.0813455 1.20882
6.183 5.17949 -2.54316 -0.0815698 1.21031
6.199 5.17818 -2.52378 -0.081777 1.21168
6.216 5.17679 -2.50315 -0.0819933 1.21308
6.233 5.17539 -2.48251 -0.0822056 1.21444
6.249 5.17407 -2.46306 -0.0824019 1.21569
6.266 5.17267 -2.44237 -0.0826069 1.21697
6.283 5.17126 -2.42166 -0.0828083 1.21821
6.299 5.16993 -2.40215 -0.0829946 1.21934
6.316 5.16852 -2.3814 -0.0831894 1.2205
6.333 5.1671 -2.36063 -0.083381 1.22163
6.349 5.16577 -2.34107 -0.0835583 1.22266
6.366 5.16434 -2.32027 -0.0837438 1.22372
6.383 5.16291 -2.29945 -0.0839264 1.22474
6.4 5.16148 -2.27861 -0.0841061 1.22574
6.416 5.16014 -2.25898 -0.0842727 1.22664
6.433 5.1587 -2.23812 -0.0844471 1.22758
6.449 5.15735 -2.21846 -0.0846089 1.22843
6.465 5.15599 -2.19879 -0.0847685 1.22925
6.482 5.15455 -2.17788 -0.0849358 1.2301
6.499 5.1531 -2.15695 -0.0851007 1.23093
6.516 5.15165 -2.13602 -0.0852634 1.23172
6.533 5.1502 -2.11506 -0.0854239 1.2325
6.549 5.14883 -2.09533 -0.085573 1.2332
6.566 5.14737 -2.07435 -0.0857295 1.23393
6.583 5.14591 -2.05337 -0.085884 1.23463
6.599 5.14454 -2.0336 -0.0860277 1.23527
6.616 5.14307 -2.01259 -0.0861786 1.23593
6.632 5.14169 -1.99281 -0.086319 1.23653
6.648 5.14031 -1.97301 -0.0864579 1.23711
6.665 5.13883 -1.95197 -0.0866039 1.23771
6.682 5.13736 -1.93092 -0.0867483 1.23829
6.699 5.13588 -1.90986 -0.0868911 1.23885
6.716 5.1344 -1.88879 -0.0870325 1.2394
6.733 5.13292 -1.86771 -0.0871724 1.23993
6.749 5.13152 -1.84787 -0.0873029 1.24041
6.766 5.13004 -1.82677 -0.0874402 1.2409
6.783 5.12855 -1.80567 -0.0875762 1.24138
6.799 5.12715 -1.7858 -0.0877031 1.24182
6.816 5.12565 -1.76468 -0.0878368 1.24227
6.833 5.12416 -1.74355 -0.0879693 1.2427
6.849 5.12275 -1.72366 -0.088093 1.2431
6.866 5.12125 -1.70252 -0.0882235 1.24351
6.883 5.11975 -1.68138 -0.0883529 1.2439
6.899 5.11833 -1.66147 -0.0884737 1.24426
6.916 5.11682 -1.64031 -0.0886013 1.24463
6.933 5.11531 -1.61915 -0.0887279 1.24499
6.949 5.11389 -1.59922 -0.0888463 1.24532
6.966 5.11238 -1.57804 -0.0889712 1.24565
6.983 5.11087 -1.55686 -0.0890954 1.24598
6.999 5.10944 -1.53692 -0.0892115 1.24627
7.016 5.10792 -1.51573 -0.0893342 1.24658
7.033 5.1064 -1.49453 -0.0894562 1.24688
7.049 5.10497 -1.47458 -0.0895703 1.24714
7.066 5.10344 -1.45337 -0.089691 1.24742
7.083 5.10192 -1.43216 -0.089811 1.24769
7.099 5.10048 -1.4122 -0.0899235 1.24793
7.116 5.09895 -1.39098 -0.0900424 1.24818
7.133 5.09741 -1.36975 -0.0901607 1.24843
7.149 5.09597 -1.34978 -0.0902716 1.24865
7.166 5.09443 -1.32854 -0.0903889 1.24887
7.183 5.09289 -1.30731 -0.0905058 1.24909
7.199 5.09144 -1.28732 -0.0906154 1.24929
7.216 5.0899 -1.26608 -0.0907314 1.2495
7.233 5.08836 -1.24483 -0.090847 1.2497
7.249 5.0869 -1.22484 -0.0909554 1.24988
7.266 5.08535 -1.20359 -0.0910702 1.25007
7.283 5.0838 -1.18233 -0.0911847 1.25025
7.299 5.08234 -1.16232 -0.0912921 1.25041
7.316 5.08079 -1.14106 -0.091406 1.25058
7.333 5.07923 -1.1198 -0.0915196 1.25074
7.349 5.07777 -1.09979 -0.0916262 1.25089
7.366 5.07621 -1.07852 -0.0917392 1.25104
7.383 5.07465 -1.05725 -0.091852 1.25119
7.399 5.07317 -1.03723 -0.0919579 1.25132
7.416 5.07161 -1.01595 -0.0920702 1.25146
7.433 5.07004 -0.994677 -0.0921823 1.25159
7.449 5.06856 -0.974649 -0.0922877 1.25171
7.466 5.06699 -0.953368 -0.0923995 1.25184
7.482 5.06551 -0.933337 -0.0925045 1.25195
7.499 5.06394 -0.912052 -0.092616 1.25207
7.515 5.06246 -0.892017 -0.0927207 1.25217
7.532 5.06088 -0.870728 -0.092832 1.25228
7.549 5.0593 -0.849438 -0.0929431 1.25239
7.566 5.05772 -0.828145 -0.0930541 1.25249
7.582 5.05622 -0.808104 -0.0931585 1.25258
7.599 5.05464 -0.786809 -0.0932693 1.25267
7.616 5.05305 -0.765512 -0.0933801 1.25276
7.632 5.05156 -0.745466 -0.0934843 1.25285
7.649 5.04996 -0.724166 -0.093595 1.25293
7.666 5.04837 -0.702865 -0.0937056 1.25301
7.682 5.04687 -0.682816 -0.0938097 1.25308
7.699 5.04527 -0.661512 -0.0939203 1.25316
7.716 5.04368 -0.640207 -0.0940309 1.25323
7.733 5.04208 -0.618901 -0.0941415 1.2533
7.749 5.04057 -0.598847 -0.0942456 1.25337
7.766 5.03896 -0.577539 -0.0943562 1.25343
7.783 5.03736 -0.556229 -0.0944669 1.25349
7.799 5.03584 -0.536172 -0.094571 1.25355
7.816 5.03424 -0.514861 -0.0946818 1.25361
7.833 5.03262 -0.493549 -0.0947926 1.25367
7.849 5.03111 -0.473489 -0.0948969 1.25372
7.866 5.02949 -0.452175 -0.0950078 1.25377
7.883 5.02787 -0.43086 -0.0951187 1.25382
7.899 5.02635 -0.410799 -0.0952233 1.25386
7.916 5.02473 -0.389482 -0.0953344 1.25391
7.933 5.02311 -0.368165 -0.0954456 1.25395
7.949 5.02158 -0.348101 -0.0955504 1.25399
7.966 5.01995 -0.326783 -0.0956618 1.25403
7.983 5.01832 -0.305463 -0.0957733 1.25407
7.999 5.01679 -0.285398 -0.0958784 1.25411
8.016 5.01516 -0.264077 -0.0959902 1.25414
8.033 5.01352 -0.242756 -0.0961021 1.25418
8.049 5.01198 -0.222689 -0.0962075 1.25421
8.066 5.01035 -0.201367 -0.0963197 1.25424
8.083 5.00871 -0.180044 -0.096432 1.25427
8.099 5.00716 -0.159975 -0.0965379 1.2543
8.116 5.00552 -0.138652 -0.0966505 1.25432
8.133 5.00388 -0.117328 -0.0967633 1.25435
8.149 5.00233 -0.0972581 -0.0968695 1.25437
8.166 5.00068 -0.0759334 -0.0969826 1.2544
8.183 4.99903 -0.0546083 -0.0970959 1.25442
8.199 4.99786 -0.0345373 -0.0730771 1.25444
8.216 4.99704 -0.0132115 -0.0483176 1.25446
8.233 4.99662 0.0081146 -0.0243446 1.25448
8.249 4.99658 0.0281865 -0.00250072 1.25449
8.266 4.99692 0.0495131 0.0200101 1.25451
8.283 4.99763 0.0708399 0.0417988 1.25452
8.299 4.99862 0.0909124 0.0616456 1.25453
8.316 5.00001 0.11224 0.0820917 1.25454
8.333 5.00129 0.133567 0.0747979 1.25454
8.349 5.00238 0.15364 0.0681326 1.25455
8.366 5.00342 0.174967 0.0612442 1.25455
8.383 5.00434 0.196294 0.0545558 1.25455
8.399 5.00512 0.216367 0.0484436 1.25455
8.416 5.00583 0.237694 0.0421268 1.25454
8.433 5.00645 0.259021 0.0359933 1.25454
8.449 5.00693 0.279094 0.030388 1.25453
8.466 5.00735 0.300421 0.024595 1.25452
8.483 5.00767 0.321747 0.01897 1.25451
8.499 5.00789 0.341819 0.0138293 1.2545
8.516 5.00804 0.363146 0.00851638 1.25449
8.533 5.0081 0.384472 0.00335741 1.25447
8.549 5.00807 0.404543 -0.00135741 1.25446
8.566 5.00799 0.425869 -0.00478659 1.25444
8.583 5.00786 0.447194 -0.0081202 1.25442
8.599 5.00768 0.467264 -0.0111704 1.25441
8.616 5.00743 0.488589 -0.0143265 1.25439
8.633 5.00714 0.509913 -0.017395 1.25437
8.649 5.00681 0.529983 -0.020203 1.25435
8.666 5.00642 0.551306 -0.0231089 1.25433
8.683 5.00598 0.57263 -0.0259345 1.2543
8.699 5.00552 0.592698 -0.0285205 1.25428
8.716 5.00499 0.61402 -0.0311971 1.25426
8.733 5.00442 0.635342 -0.0338001 1.25423
8.749 5.00384 0.65541 -0.0361827 1.25421
8.766 5.00318 0.676731 -0.0386491 1.25418
8.783 5.00249 0.698052 -0.0410481 1.25416
8.799 5.00179 0.718118 -0.0432444 1.25413
8.816 5.00102 0.739438 -0.0455182 1.25411
8.833 5.00021 0.760757 -0.0477302 1.25408
8.849 4.99941 0.780822 -0.0497557 1.25405
8.866 4.99897 0.80214 -0.0262198 1.25403
8.883 4.99891 0.823458 -0.00343618 1.254
8.899 4.99918 0.843522 0.0173193 1.25397
8.916 4.99984 0.864839 0.0387038 1.25394
8.933 5.00085 0.886155 0.059397 1.25391
8.949 5.0017 0.906217 0.0527575 1.25387
8.966 5.00248 0.927532 0.0458942 1.25384
8.983 5.00314 0.948847 0.0392286 1.2538
8.999 5.00367 0.968907 0.0331357 1.25377
9.016 5.00413 0.990221 0.0268374 1.25373
9.033 5.00448 1.01153 0.0207204 1.25369
9.049 5.00472 1.03159 0.0151289 1.25365
9.066 5.00488 1.0529 0.00934869 1.25361
9.083 5.00495 1.07421 0.00373474 1.25357
9.099 5.00492 1.09427 -0.00139706 1.25353
9.116 5.00484 1.11558 -0.00525823 1.25348
9.133 5.00468 1.13689 -0.00901252 1.25344
9.149 5.00448 1.15694 -0.0124483 1.2534
9.166 5.00421 1.17825 -0.016004 1.25335
9.183 5.00388 1.19956 -0.0194618 1.25331
9.199 5.00352 1.21961 -0.0226266 1.25326
9.216 5.00308 1.24091 -0.0259023 1.25322
9.233 5.00258 1.26222 -0.0290881 1.25317
9.249 5.00207 1.28227 -0.0320044 1.25313
9.266 5.00148 1.30357 -0.0350233 1.25308
9.283 5.00083 1.32487 -0.0379599 1.25303
9.299 5.00018 1.34492 -0.0406484 1.25299
9.316 4.99944 1.36622 -0.0434318 1.25294
9.333 4.99909 1.38752 -0.0205066 1.25289
9.349 4.9991 1.40756 0.000377592 1.25284
9.366 4.99947 1.42886 0.0218942 1.25279
9.383 5.0002 1.45016 0.0427148 1.25274
9.399 5.00078 1.4702 0.0361899 1.25269
9.416 5.00128 1.49149 0.0294439 1.25264
9.433 5.00167 1.51279 0.0228908 1.25259
9.449 5.00194 1.53283 0.0168995 1.25253
9.466 5.00212 1.55412 0.0107049 1.25248
9.483 5.0022 1.57541 0.00468734 1.25242
9.499 5.00219 1.59545 -0.000814461 1.25237
9.516 5.0021 1.61674 -0.00505904 1.25231
9.533 5.00194 1.63803 -0.00918682 1.25225
9.549 5.00174 1.65806 -0.012965 1.25219
9.566 5.00145 1.67935 -0.0168758 1.25213
9.583 5.0011 1.70063 -0.0206793 1.25207
9.599 5.00071 1.72067 -0.0241612 1.25202
9.616 5.00024 1.74195 -0.0277657 1.25196
9.632 4.99974 1.76198 -0.0310656 1.2519
9.649 4.99959 1.78326 -0.00884905 1.25184
9.665 4.99977 1.80329 0.0113863 1.25178
9.683 5.00038 1.82582 0.0334571 1.25171
9.699 5.00081 1.84585 0.0269159 1.25165
9.716 5.00115 1.86712 0.020152 1.25158
9.732 5.00137 1.88715 0.013967 1.25152
9.749 5.0015 1.90842 0.00757125 1.25145
9.766 5.00152 1.9297 0.00135733 1.25139
9.782 5.00146 1.94972 -0.00432486 1.25132
9.799 5.00131 1.97099 -0.00875677 1.25125
9.816 5.00108 1.99226 -0.0130674 1.25118
9.832 5.00081 2.01228 -0.0170136 1.25111
9.849 5.00045 2.03355 -0.0210989 1.25104
9.866 5.00003 2.05481 -0.0250729 1.25097
9.883 4.99954 2.07608 -0.0289388 1.2509
9.899 4.9994 2.09609 -0.00835323 1.25083
9.916 4.99962 2.11735 0.0128531 1.25076
9.933 5.00019 2.13861 0.0333704 1.25068
9.949 5.00061 2.15862 0.0265664 1.25061
9.966 5.00094 2.17988 0.0195297 1.25054
9.983 5.00116 2.20114 0.0126922 1.25046
9.999 5.00126 2.22115 0.00643897 1.25038
10.016 5.00126 2.2424 -2.82398e-05 1.2503
10.033 5.00118 2.26366 -0.00486856 1.25022
10.049 5.00103 2.28366 -0.00929991 1.25015
10.066 5.00079 2.30491 -0.0138876 1.25007
10.083 5.00048 2.32616 -0.0183505 1.24998
10.099 5.00012 2.34616 -0.0224368 1.2499
10.116 4.99967 2.36741 -0.0266678 1.24982
10.133 4.99958 2.38865 -0.00515131 1.24974
10.149 4.99981 2.40865 0.0144422 1.24966
10.166 5.0004 2.42989 0.0346213 1.24957
10.183 5.00086 2.45113 0.0270624 1.24949
10.199 5.00118 2.47112 0.0201487 1.2494
10.216 5.00141 2.49236 0.0129974 1.24931
10.233 5.00151 2.51359 0.00604752 1.24922
10.249 5.0015 2.53358 -0.00030951 1.24913
10.266 5.00141 2.55481 -0.00544105 1.24904
10.283 5.00123 2.57605 -0.0104333 1.24895
10.299 5.00099 2.59603 -0.0150046 1.24886
10.316 5.00066 2.61726 -0.0197379 1.24876
10.333 5.00024 2.63848 -0.0243434 1.24867
10.349 4.99979 2.65846 -0.028561 1.24858
10.366 4.99966 2.67969 -0.00729578 1.24848
10.383 4.99989 2.70091 0.0132771 1.24838
10.399 5.0004 2.72088 0.0320062 1.24829
10.416 5.00081 2.7421 0.0242132 1.24819
10.433 5.0011 2.76332 0.0166386 1.24809
10.449 5.00125 2.78329 0.00970919 1.24799
10.466 5.00129 2.8045 0.00254064 1.24789
10.483 5.00122 2.82571 -0.00442732 1.24778
10.499 5.00107 2.84568 -0.00944288 1.24768
10.516 5.00082 2.86688 -0.0146366 1.24757
10.533 5.00048 2.88809 -0.0196905 1.24747
10.549 5.00009 2.90805 -0.0243192 1.24736
10.566 4.9996 2.92925 -0.029113 1.24725
10.583 4.99946 2.95045 -0.00814524 1.24714
10.599 4.99964 2.97041 0.0109444 1.24704
10.616 5.00016 2.9916 0.0306001 1.24693
10.633 5.00054 3.0128 0.0225301 1.24681
10.649 5.00078 3.03275 0.0151463 1.2467
10.665 5.00091 3.05269 0.00795601 1.24659
10.682 5.00092 3.07388 0.000516444 1.24647
10.698 5.00082 3.09382 -0.00629068 1.24636
10.715 5.00062 3.11501 -0.0118899 1.24624
10.732 5.00032 3.13619 -0.017339 1.24612
10.749 4.99994 3.15738 -0.0226422 1.24599
10.766 4.9999 3.17856 -0.00217085 1.24587
10.783 5.0002 3.19973 0.0176282 1.24574
10.799 5.00036 3.21966 0.0101631 1.24562
10.816 5.0004 3.24084 0.00243841 1.2455
10.833 5.00032 3.26201 -0.00507217 1.24537
10.849 5.00015 3.28193 -0.010586 1.24524
10.866 4.99987 3.3031 -0.0162971 1.24511
10.883 4.99993 3.32426 0.00377708 1.24498
10.899 5.00029 3.34418 0.0220472 1.24485
10.916 5.00052 3.36534 0.0137765 1.24471
10.932 5.00062 3.38525 0.00620748 1.24458
10.949 5.00059 3.40641 -0.00162562 1.24444
10.966 5.00046 3.42756 -0.0077984 1.2443
10.982 5.00025 3.44747 -0.0134532 1.24416
10.999 4.99992 3.46862 -0.019311 1.24402
11.016 4.99993 3.48976 0.000619638 1.24387
11.032 5.00023 3.50966 0.0187576 1.24373
11.049 5.0004 3.5308 0.0103493 1.24358
11.066 5.00044 3.55194 0.0021723 1.24343
11.083 5.00034 3.57308 -0.00577975 1.24328
11.099 5.00015 3.59297 -0.0116991 1.24313
11.116 4.99985 3.6141 -0.0178315 1.24298
11.133 4.99988 3.63523 0.00183137 1.24282
11.149 5.0002 3.65511 0.0197235 1.24267
11.166 5.00039 3.67623 0.0110597 1.24251
11.183 5.00043 3.69735 0.00263342 1.24234
11.199 5.00035 3.71723 -0.0050799 1.24219
11.216 5.00015 3.73834 -0.0116201 1.24202
11.233 4.99985 3.75945 -0.0179873 1.24185
11.249 4.99985 3.77932 0.000303059 1.24169
11.266 5.00018 3.80043 0.0191277 1.24151
11.283 5.00035 3.82153 0.0102448 1.24134
11.299 5.00038 3.84139 0.00211262 1.24117
11.316 5.00028 3.86248 -0.00630594 1.24099
11.333 5.00006 3.88358 -0.0130508 1.24081
11.349 4.99975 3.90343 -0.0192319 1.24064
11.366 4.99975 3.92452 -3.96004e-06 1.24045
11.383 5.00006 3.9456 0.0185814 1.24026
11.399 5.00022 3.96544 0.0100009 1.24008
11.416 5.00024 3.98652 0.00111731 1.23989
11.433 5.00011 4.00759 -0.00752492 1.2397
11.449 4.99989 4.02743 -0.0140788 1.23951
11.466 4.99997 4.04849 0.00476222 1.23931
11.483 5.00036 4.06956 0.0229702 1.23911
11.499 5.00059 4.08938 0.0140434 1.23892
11.516 5.00067 4.11044 0.00480036 1.23871
11.533 5.0006 4.13149 -0.00419254 1.2385
11.549 5.00042 4.15131 -0.0110684 1.2383
11.566 5.00011 4.17235 -0.0181945 1.23808
11.583 4.99968 4.1934 -0.0251348 1.23786
11.599 4.99957 4.2132 -0.00737162 1.23766
11.616 4.99975 4.23424 0.0109042 1.23744
11.633 5.00024 4.25527 0.0285607 1.23721
11.649 5.00054 4.27506 0.0191271 1.23699
11.666 5.0007 4.29609 0.00935768 1.23676
11.683 5.0007 4.31711 -0.000148927 1.23653
11.699 5.00058 4.33689 -0.00749672 1.2363
11.716 5.00032 4.3579 -0.0151129 1.23606
11.733 4.99994 4.37891 -0.0225317 1.23582
11.749 4.99986 4.39868 -0.00520837 1.23558
11.765 5.00004 4.41845 0.0115623 1.23535
11.782 5.00007 4.43944 0.00173144 1.2351
11.798 4.99995 4.4592 -0.00727351 1.23486
11.815 5.00013 4.48019 0.0104763 1.2346
11.833 5.00013 4.50241 -4.25259e-05 1.23432
11.849 5.00001 4.52215 -0.00776906 1.23407
11.866 4.99974 4.54313 -0.0157792 1.2338
11.883 4.99977 4.5641 0.0020499 1.23352
11.899 5.00006 4.58383 0.0182557 1.23326
11.916 5.0002 4.60479 0.00783818 1.23298
11.932 5.00017 4.62451 -0.00170584 1.23271
11.949 5 4.64546 -0.0101488 1.23242
11.966 5.00012 4.66641 0.00725781 1.23213
11.982 5.00008 4.68612 -0.00240854 1.23185
11.999 4.9999 4.70705 -0.0109788 1.23155
12.016 5 4.72799 0.00630317 1.23125
12.032 4.99995 4.74768 -0.00347808 1.23096
12.049 5.00018 4.7686 0.0134647 1.23064
12.066 5.00022 4.78952 0.00274146 1.23032
12.082 5.00011 4.8092 -0.00708467 1.23002
12.099 4.99984 4.8301 -0.0158218 1.22969
12.116 4.99986 4.851 0.00129636 1.22936
12.132 5.00013 4.87067 0.0168477 1.22905
12.149 5.00023 4.89155 0.00574895 1.22871
12.166 5.00014 4.91244 -0.00505821 1.22836
12.183 4.9999 4.93331 -0.0141376 1.22801
12.199 4.99993 4.95296 0.00165878 1.22767
12.216 5.00024 4.97382 0.0178898 1.22731
12.233 5.00035 4.99468 0.00647069 1.22695
12.249 5.00028 5.0143 -0.0039956 1.2266
12.266 5.00005 5.03515 -0.0133986 1.22622
12.282 4.9997 5.05476 -0.0220251 1.22586
12.299 4.99961 5.0756 -0.00534044 1.22547
12.316 4.99979 5.09642 0.0107578 1.22508
12.332 5.0002 5.11602 0.025371 1.2247
12.349 5.00043 5.13683 0.0132966 1.2243
12.366 5.00045 5.15764 0.0015358 1.22388
12.382 5.0003 5.17721 -0.00924596 1.22349
12.399 4.99998 5.198 -0.0189782 1.22306
12.416 4.99993 5.21879 -0.00283394 1.22263
12.432 5.00012 5.23835 0.0118199 1.22222
12.449 5.00012 5.25912 -0.000214259 1.22178
12.466 4.99994 5.27988 -0.0104937 1.22132
12.482 5.00001 5.29941 0.00419803 1.22089
12.499 4.99987 5.32016 -0.0077978 1.22043
12.516 5 5.3409 0.00759194 1.21996
12.532 4.99994 5.36041 -0.00393213 1.2195
12.549 5.00013 5.38113 0.0111962 1.21902
12.566 5.00011 5.40185 -0.00130356 1.21852
12.582 4.99993 5.42134 -0.0114075 1.21805
12.599 4.99999 5.44204 0.00373996 1.21754
12.616 5.0003 5.46272 0.0183346 1.21702
12.632 5.0004 5.48219 0.00607946 1.21652
12.649 5.00029 5.50286 -0.00662929 1.21598
12.666 4.99999 5.52352 -0.0175703 1.21543
12.682 4.99993 5.54296 -0.00348936 1.21491
12.699 5.00012 5.56361 0.0109543 1.21435
12.716 5.00008 5.58424 -0.00221614 1.21378
12.732 4.99987 5.60365 -0.0129385 1.21323
12.749 4.9999 5.62427 0.0015645 1.21264
12.766 5.00016 5.64487 0.0155275 1.21204
12.782 5.00021 5.66425 0.00268934 1.21146
12.799 5.00003 5.68484 -0.0106276 1.21084
12.816 4.99965 5.70541 -0.0221649 1.2102
12.832 4.99951 5.72477 -0.00863419 1.2096
12.848 4.99958 5.74411 0.00441942 1.20898
12.865 4.99989 5.76465 0.0177934 1.20832
12.882 5.00041 5.78518 0.0306525 1.20764
12.899 5.00068 5.8057 0.0159326 1.20695
12.916 5.0007 5.82621 0.00158071 1.20625
12.932 5.00052 5.84549 -0.0115898 1.20557
12.949 5.00011 5.86598 -0.0238112 1.20484
12.966 4.99951 5.88645 -0.0357382 1.2041
12.982 4.99915 5.9057 -0.0225687 1.2034
12.999 4.99899 5.92615 -0.00907774 1.20263
13.016 4.99906 5.94658 0.00389179 1.20186
13.032 4.99931 5.9658 0.0156192 1.20111
13.049 4.99978 5.9862 0.0276119 1.20031
13.066 5.00044 6.00659 0.0391183 1.19949
13.082 5.00083 6.02577 0.0240172 1.19869
13.099 5.00097 6.04613 0.00834399 1.19783
13.116 5.00085 6.06648 -0.00694382 1.19696
13.132 5.00054 6.08562 -0.01962 1.19612
13.149 4.99998 6.10594 -0.0327877 1.19521
13.166 4.99964 6.12624 -0.0200109 1.19429
13.182 4.9995 6.14534 -0.00846473 1.19341
13.199 4.99956 6.16561 0.00333536 1.19246
13.216 4.99981 6.18586 0.014649 1.19149
13.232 5.00021 6.20491 0.0248499 1.19056
13.249 5.00034 6.22513 0.0081747 1.18954
13.266 5.00021 6.24534 -0.00809585 1.18851
13.282 4.99986 6.26434 -0.0216793 1.18752
13.299 4.99969 6.28451 -0.0101608 1.18645
13.316 4.9997 6.30466 0.000874671 1.18536
13.332 4.99988 6.32361 0.0108166 1.18431
13.349 5.00023 6.34372 0.0209458 1.18318
13.366 5.00029 6.36382 0.00354668 1.18201
13.382 5.00009 6.38271 -0.0124359 1.1809
13.399 4.99962 6.40277 -0.0275905 1.17969
13.416 4.99934 6.4228 -0.0167609 1.17846
13.432 4.99923 6.44164 -0.00701158 1.17729
13.449 4.99928 6.46163 0.00291404 1.17601
13.466 4.99949 6.4816 0.0123889 1.17471
13.482 4.99982 6.50037 0.0208917 1.17345
13.499 5.00032 6.5203 0.0295204 1.17209
13.516 5.0005 6.5402 0.0106505 1.1707
13.532 5.0004 6.55891 -0.0066889 1.16936
13.549 5 6.57877 -0.0232584 1.1679
13.566 4.99933 6.5986 -0.0394489 1.16642
13.582 4.99885 6.61724 -0.030214 1.16501
13.599 4.99849 6.63701 -0.0208284 1.16347
13.616 4.99829 6.65677 -0.0118867 1.16191
13.632 4.99823 6.67533 -0.00387974 1.1604
13.649 4.9983 6.69503 0.00422806 1.15877
13.666 4.9985 6.7147 0.0119197 1.1571
13.682 4.9988 6.73319 0.0187758 1.15549
13.699 4.99924 6.7528 0.0256855 1.15375
13.716 4.99979 6.77239 0.0322051 1.15196
13.732 5.0004 6.79079 0.0379817 1.15023
13.749 5.00068 6.81031 0.0166914 1.14835
13.766 5.00061 6.8298 -0.00410512 1.14643
13.782 5.00026 6.84812 -0.0218661 1.14458
13.799 4.99957 6.86754 -0.0403387 1.14257
13.816 4.99902 6.88693 -0.0327649 1.14053
13.832 4.9986 6.90515 -0.0260227 1.13857
13.849 4.99827 6.92447 -0.0192368 1.13644
13.866 4.99806 6.94375 -0.0128443 1.13427
13.882 4.99794 6.96186 -0.00719019 1.13217
13.899 4.99791 6.98107 -0.00153711 1.1299
13.916 4.99798 7.00024 0.0037468 1.12758
13.932 4.99811 7.01825 0.00837989 1.12534
13.949 4.99833 7.03733 0.01297 1.12291
13.966 4.99863 7.05638 0.0172137 1.12041
13.982 4.99896 7.07427 0.0208888 1.11801
13.999 4.99938 7.09323 0.0244816 1.11539
14.016 4.99985 7.11215 0.0277496 1.11271
14.032 5.00034 7.12991 0.0305263 1.11011
14.049 5.00044 7.14873 0.00610755 1.10729
14.066 5.00014 7.16751 -0.0177556 1.10441
14.082 4.99952 7.18513 -0.0383458 1.10163
14.099 4.99894 7.20381 -0.0341355 1.09862
14.116 4.99843 7.22243 -0.0302665 1.09554
14.132 4.998 7.23992 -0.0269393 1.09258
14.149 4.9976 7.25844 -0.0237112 1.08937
14.166 4.99724 7.2769 -0.0208029 1.08608
14.182 4.99695 7.29423 -0.0183597 1.08292
14.199 4.99668 7.31258 -0.0160511 1.07949
14.216 4.99644 7.33087 -0.0140414 1.07597
14.232 4.99624 7.34803 -0.0124248 1.07259
14.249 4.99605 7.3662 -0.0109754 1.06891
14.266 4.99588 7.38431 -0.0098049 1.06515
14.282 4.99574 7.40129 -0.00895945 1.06152
14.299 4.9956 7.41927 -0.00831113 1.05758
14.316 4.99546 7.43718 -0.00792231 1.05354
14.332 4.99534 7.45398 -0.00779452 1.04965
14.349 4.99521 7.47175 -0.00789083 1.04542
14.366 4.99507 7.48945 -0.00822777 1.0411
14.382 4.99493 7.50604 -0.00876544 1.03693
14.399 4.99476 7.52359 -0.00955133 1.0324
14.416 4.99458 7.54106 -0.0105594 1.02776
14.432 4.9944 7.55743 -0.0117114 1.0233
14.448 4.99419 7.57373 -0.0130492 1.01874
14.465 4.99394 7.59097 -0.0146627 1.01378
14.482 4.99366 7.60812 -0.0164743 1.00871
14.498 4.99336 7.62418 -0.0183602 1.00384
14.515 4.99302 7.64115 -0.0205391 0.998542
14.532 4.99263 7.65804 -0.0228983 0.993129
14.549 4.99219 7.67482 -0.0254317 0.987596
14.565 4.99175 7.69054 -0.0279743 0.982275
14.582 4.99122 7.70714 -0.0308286 0.976505
14.599 4.99065 7.72364 -0.0338394 0.970612
14.616 4.99002 7.74004 -0.0370008 0.964594
14.632 4.98938 7.75538 -0.0401121 0.958811
14.649 4.98864 7.77157 -0.0435485 0.952548
14.666 4.98783 7.78766 -0.0471177 0.946157
14.682 4.98703 7.8027 -0.0505966 0.940022
14.699 4.9861 7.81857 -0.0544069 0.933382
14.716 4.98511 7.83432 -0.0583328 0.926613
14.732 4.98411 7.84904 -0.0621308 0.920121
14.749 4.98299 7.86456 -0.066264 0.913101
14.766 4.98179 7.87997 -0.0704955 0.905951
14.782 4.9806 7.89435 -0.0745649 0.8991
14.799 4.97925 7.90951 -0.0789704 0.891699
14.816 4.97784 7.92454 -0.0834571 0.884169
14.832 4.97643 7.93857 -0.0877508 0.876961
14.849 4.97486 7.95335 -0.0923787 0.869182
14.866 4.97321 7.96799 -0.097071 0.861276
14.882 4.97159 7.98165 -0.101543 0.853716
14.899 4.96978 7.99602 -0.106344 0.845564
14.916 4.96789 8.01026 -0.111193 0.837289
14.932 4.96604 8.02353 -0.115798 0.829384
14.949 4.96398 8.03748 -0.120725 0.820871
14.966 4.96185 8.05129 -0.125684 0.812237
14.982 4.95976 8.06416 -0.130377 0.803999
14.998 4.9576 8.07689 -0.135089 0.795658
15.015 4.95522 8.09026 -0.140112 0.786687
15.032 4.95275 8.10348 -0.145147 0.777603
15.049 4.9502 8.11654 -0.150189 0.768408
15.066 4.94756 8.12945 -0.155234 0.759105
15.082 4.945 8.14145 -0.159979 0.750249
15.099 4.94219 8.15404 -0.165015 0.740742
15.116 4.9393 8.16647 -0.170039 0.731134
15.132 4.93651 8.17802 -0.174753 0.721999
15.149 4.93345 8.19013 -0.179742 0.712203
15.166 4.93031 8.20207 -0.184707 0.702315
15.182 4.92728 8.21316 -0.189354 0.692924
15.199 4.92398 8.22477 -0.194261 0.682866
15.216 4.92059 8.2362 -0.199131 0.672725
15.232 4.91733 8.24681 -0.203679 0.663106
15.249 4.91379 8.25791 -0.208469 0.652815
15.266 4.91017 8.26883 -0.213213 0.642451
15.282 4.90668 8.27895 -0.217632 0.632632
15.299 4.90291 8.28953 -0.222276 0.622138
15.316 4.89905 8.29993 -0.226865 0.611583
15.332 4.89535 8.30955 -0.231128 0.601595
15.349 4.89135 8.3196 -0.2356 0.590932
15.366 4.88727 8.32946 -0.240008 0.58022
15.382 4.88336 8.33858 -0.244094 0.570096
15.399 4.87914 8.34809 -0.24837 0.559299
15.416 4.87484 8.35742 -0.252576 0.548465
15.432 4.87074 8.36603 -0.256465 0.538237
15.449 4.86631 8.37499 -0.260527 0.527342
15.466 4.86181 8.38377 -0.264512 0.516421
15.482 4.85752 8.39187 -0.26819 0.506124
15.499 4.8529 8.40029 -0.272022 0.495167
15.516 4.84821 8.40852 -0.275773 0.484198
15.532 4.84374 8.4161 -0.279227 0.473866
15.549 4.83894 8.42397 -0.282818 0.462885
15.566 4.83407 8.43165 -0.286324 0.451903
15.582 4.82943 8.43872 -0.289545 0.441571
15.599 4.82446 8.44604 -0.292886 0.430601
15.616 4.81942 8.45317 -0.296142 0.419643
15.632 4.81464 8.45972 -0.299124 0.409345
15.649 4.8095 8.46649 -0.302212 0.398423
15.666 4.80431 8.47308 -0.305212 0.387525
15.682 4.79938 8.47912 -0.307954 0.377295
15.699 4.7941 8.48535 -0.310786 0.366456
15.716 4.78877 8.49139 -0.313532 0.355654
15.732 4.78371 8.49692 -0.316034 0.345524
15.749 4.7783 8.50261 -0.318612 0.334803
15.766 4.77284 8.50812 -0.321105 0.324129
15.782 4.76766 8.51315 -0.323371 0.314132
15.799 4.76213 8.51831 -0.325699 0.303561
15.816 4.75655 8.52329 -0.327944 0.293049
15.832 4.75127 8.52782 -0.329979 0.283214
15.849 4.74563 8.53246 -0.332065 0.272826
15.866 4.73995 8.53692 -0.33407 0.262506
15.882 4.73457 8.54097 -0.335882 0.252862
15.899 4.72883 8.5451 -0.337733 0.242687
