0.017 4.09595 -8.55808 0 0
0.117 4.09112 -8.52583 0.163151 0.234292
0.201 4.09086 -8.49347 0.295437 0.424317
0.301 4.11879 -8.43051 0.403792 0.580116
0.401 4.16545 -8.33867 0.49208 0.70857
0.501 4.20093 -8.23894 0.561802 0.813185
0.602 4.23407 -8.16214 0.617215 0.895225
0.702 4.29079 -8.07642 0.663167 0.962255
0.801 4.36739 -7.98836 0.700852 1.01646
0.901 4.413 -7.90552 0.727188 1.05946
1.001 4.47878 -7.77284 0.749281 1.09994
1.102 4.5563 -7.67423 0.766872 1.12846
1.202 4.63762 -7.55814 0.779886 1.15348
1.302 4.72153 -7.44313 0.789014 1.17344
1.402 4.81231 -7.34298 0.795336 1.18764
1.502 4.87941 -7.22274 0.796491 1.20148
1.602 4.96856 -7.11156 0.798016 1.21144
1.702 4.96549 -6.99996 -0.369614 1.21942
1.801 4.97627 -6.871 -0.764821 1.22793
1.901 5.02318 -6.73987 -0.809993 1.23498
2.001 5.13626 -6.62421 1.17149 1.23881
2.101 5.21706 -6.50862 0.888952 1.24176
2.201 5.25886 -6.39662 0.631698 1.24362
2.301 5.29247 -6.25935 0.467024 1.24814
2.401 5.35557 -6.12945 0.397019 1.25076
2.501 5.33052 -6.01449 0.250598 1.2511
2.601 5.34842 -5.88472 0.183905 1.25311
2.701 5.32295 -5.75202 0.109827 1.25512
2.801 5.33634 -5.63086 0.071805 1.25525
2.902 5.32675 -5.48803 0.0340573 1.25801
3.001 5.33382 -5.35669 0.111196 1.25881
3.101 5.32255 -5.23808 0.0655714 1.25791
3.201 5.31947 -5.12827 0.0313426 1.25608
3.301 5.30865 -4.99224 -0.000157743 1.28785
3.401 5.27672 -4.85009 -0.321167 1.22491
3.501 5.23257 -4.78545 -0.258817 0.900884
3.601 5.19765 -4.71938 -0.204699 0.702568
3.702 5.30117 -4.73764 -0.133069 0.59399
3.801 5.31573 -4.69426 -0.0979078 0.509943
3.901 5.24583 -4.57445 -0.0817494 0.447015
4.001 5.18781 -4.52076 -0.0607891 0.350289
4.101 5.26059 -4.57606 -0.0348326 0.246118
4.201 5.27351 -4.51643 -0.0216378 0.216729
4.301 5.29593 -4.52038 -0.00822326 0.168408
4.401 5.27506 -4.47214 0.000598559 0.146787
4.501 5.27665 -4.40289 0.302344 0.131898
4.601 5.26632 -4.32554 0.241031 0.119102
4.701 5.27536 -4.37376 0.197225 0.0902634
4.801 5.25341 -4.28423 0.158782 0.0823804
4.901 5.27204 -4.29119 0.0525697 0.931125
5.001 5.30304 -4.38614 0.044556 -0.188819
5.101 5.29399 -4.26469 0.00865991 0.877937
5.201 5.30671 -4.1954 0.0914516 0.800724
5.301 5.29976 -4.13991 0.0509903 0.345536
5.401 5.28782 -4.01488 0.0181893 0.875395
5.501 5.26871 -3.98097 -0.00788812 0.0368714
5.601 5.24731 -3.91874 -0.0201499 0.18359
5.701 5.24249 -3.84359 -0.029586 0.670239
5.801 5.25711 -3.68919 -0.0374633 1.82595
5.901 5.23161 -3.52294 -0.0439862 1.24209
6.001 5.24539 -3.47471 -0.0498056 0.951912
6.101 5.22488 -3.34152 -0.0541868 0.988901
6.201 5.20764 -3.24555 -0.0576903 0.737539
6.301 5.19978 -3.10165 -0.0605176 1.331
6.401 5.22423 -3.03059 -0.0637887 1.40355
6.501 5.23175 -2.79186 -0.0665573 2.55414
6.601 5.21158 -2.69449 -0.0690465 0.863893
6.701 5.17448 -2.57342 -0.0702932 0.572252
6.801 5.16239 -2.44227 -0.0713266 1.13928
6.901 5.16045 -2.32188 -0.0724848 1.30625
7.001 5.14 -2.21324 -0.0732125 0.84637
7.101 5.1385 -2.05288 -0.0739618 1.64237
7.201 5.14134 -1.96929 -0.0751455 1.13039
7.301 5.14949 -1.89461 -0.076461 1.11276
7.401 5.15984 -1.68468 -0.077797 2.35215
7.501 5.13867 -1.58123 -0.0790315 0.898297
7.601 5.11691 -1.46681 -0.0796335 0.844777
7.701 5.09671 -1.33428 -0.0798981 1.03185
7.801 5.11956 -1.19064 -0.0810919 2.01799
7.901 5.09362 -1.11292 -0.0818388 0.547897
8.018 5.06258 -0.912551 -0.0815935 1.38708
8.101 5.07125 -0.848122 -0.0824422 1.06941
8.201 5.04843 -0.730947 -0.0825579 0.870083
8.301 5.04724 -0.575227 -0.0829137 1.62801
8.401 5.02554 -0.478078 -0.0831468 0.770689
8.501 5.07004 -0.398343 0.804012 0.147052
8.601 5.07754 -0.220229 0.304487 1.1807
8.701 5.01628 -0.11518 -0.336862 0.332047
8.801 5.03826 -0.0212083 0.387114 0.470406
8.901 4.97346 0.15249 -0.373004 0.943729
9.001 5.11663 0.270932 1.16798 1.94888
9.101 4.95886 0.481732 -1.37647 1.51526
9.201 4.91505 0.581051 -0.605437 1.48224
9.301 4.98589 0.72092 0.628611 1.63326
9.401 5.03994 0.661933 0.41199 -0.209874
9.501 5.01909 0.962842 -0.0347452 2.4951
9.601 5.03271 1.05066 0.234348 0.595148
9.701 4.97981 1.08719 -0.347119 -0.164792
9.801 5.00577 1.17946 0.103808 1.37593
9.901 4.97533 1.34267 -0.144166 1.16316
10.001 4.95976 1.61644 -0.272958 3.07682
10.117 5.00801 1.72184 0.314224 1.54942
10.217 4.95151 1.78994 -0.377651 0.135547
10.317 5.05442 1.9433 0.821608 2.13628
10.417 4.99771 2.06729 -0.352997 0.61611
10.501 5.05607 2.12371 0.405297 1.08478
10.601 5.0713 2.34481 0.298907 1.78024
10.717 4.93948 2.41384 -1.19015 0.315069
10.817 5.00746 2.54134 0.450131 1.94326
10.901 5.04762 2.60939 0.533751 0.297277
11.001 5.00768 2.73184 -0.209974 0.669675
11.101 5.03034 2.92941 0.310195 1.72852
11.201 4.99638 3.03935 -0.166802 0.596686
11.301 4.95235 3.11763 -0.542152 1.07974
11.401 4.95782 3.24363 -0.0991169 1.70899
11.501 4.9977 3.37751 0.24565 1.78663
11.601 4.93736 3.46421 -0.673204 1.07335
11.701 5.05208 3.62207 1.03113 1.91974
132961 1.40084 3.79224 -33.8762 -5.98785
132961 1.1507 3.69808 -4.34946 4.49059
132961 1.19175 3.70621 0.12035 0.943423
132961 1.28958 3.65576 0.920691 -0.331808
132961 1.2566 3.72539 -0.238072 0.424853
132961 1.28622 3.65186 0.268147 -0.650082
132961 1.231 3.70045 -0.483992 0.283414
132961 1.30239 3.731 0.638522 0.527299
132961 1.28693 3.66923 -0.0935616 -0.794156
132961 1.19234 3.5936 -0.87018 -0.978687
132961 1.2065 3.66336 0.08589 0.858709
132961 1.24211 3.63756 0.3437 -0.218724
132961 1.23005 3.70244 -0.0806486 0.529887
132961 1.2083 3.67195 -0.196485 -0.364788
132961 1.2553 3.66108 0.431296 0.00513552
132961 1.24382 3.73826 -0.0698191 0.638296
132961 1.28147 3.79237 0.352864 0.611274
132961 1.32794 3.70403 0.460644 -0.867883
132961 1.20964 3.65553 -1.0546 -0.862768
132961 1.19138 3.76318 -0.224971 1.19752
132961 1.28619 3.71527 0.871253 -0.249382
132961 1.26702 3.74496 -0.113424 0.0660517
132961 1.25566 3.67391 -0.102557 -0.74101
132961 1.1595 3.80788 -0.885075 1.11084
132961 1.22401 3.69608 0.550442 -0.834399
132961 1.33296 3.67804 1.0499 -0.0645904
132961 1.28368 3.76318 -0.380502 0.519415
132961 1.2926 3.72947 0.0681076 -0.272831
132961 1.24996 3.64604 -0.380137 -0.968403
132961 1.30287 3.78107 0.474131 1.50746
132961 1.23182 3.58495 -0.617106 -2.2284
132961 1.23641 3.62811 0.0131704 0.523362
132961 1.14558 3.75949 -0.828634 1.07808
132961 1.11243 3.69225 -0.34809 -0.62005
132961 1.18396 3.68976 0.648509 0.170569
132961 1.24241 3.79594 0.589713 1.04488
132961 1.23178 3.74517 -0.0518047 -0.664547
132961 1.23694 3.74856 0.0539314 0.0263906
132961 1.20233 3.79603 -0.306751 0.358492
132961 1.17157 3.74254 -0.293453 -0.574145
132961 1.27278 3.66932 0.925967 -0.478022
132961 1.24957 3.68465 -0.147258 -0.0968422
132961 1.26891 3.68261 0.178731 0.0227818
132961 1.21789 3.77046 -0.450747 0.702001
132961 1.20203 3.76567 -0.16498 -0.0271579
132961 1.23707 3.64026 0.322918 -1.17007
132961 1.2785 3.64411 0.412012 0.0434047
132961 1.26753 3.74923 -0.0663684 0.921988
132961 1.24547 3.6735 -0.198385 -0.818832
132961 1.27283 3.7406 0.249624 0.738876
132961 1.23284 3.78028 -0.344362 0.234336
132961 1.22295 3.69339 -0.1032 -0.85339
132961 1.23723 3.68782 0.134838 -0.0333325
132961 1.22582 3.64343 -0.087507 -0.520623
132961 1.27085 3.72913 0.419756 0.944613
132961 1.14471 3.73156 -1.12931 -0.362044
132961 1.3154 3.80356 1.51549 1.28084
132961 1.22604 3.73998 -0.721329 -1.13826
132961 1.22425 3.68739 -0.0519951 -0.426237
132961 1.31563 3.69779 0.850057 0.290875
132961 1.20644 3.71296 -0.946178 -0.276449
132961 1.27132 3.81373 0.549662 1.29692
132961 1.26441 3.71504 -0.0199568 -1.12625
132961 1.24656 3.71051 -0.156753 -0.110713
132961 1.09362 3.57397 -1.41273 -1.70523
132961 1.17723 3.58471 0.6936 0.523792
132961 1.28102 3.83166 1.01104 2.54423
132961 1.36282 3.70321 0.828101 -1.30597
132961 1.25561 3.69994 -0.929415 -0.454576
132961 1.29935 3.67381 0.3554 -0.0197377
132961 1.19049 3.68194 -0.97391 -0.255928
132961 1.24345 3.69388 0.437843 0.388772
132961 1.17092 3.69092 -0.633103 -0.299402
132961 1.30171 3.7817 1.17788 1.28787
132961 1.1988 3.734 -0.867492 -0.948416
132961 1.26231 3.80154 0.542046 0.946519
132961 1.24727 3.63407 -0.0956101 -1.83009
132961 1.17569 3.66041 -0.657701 0.0890378
132961 1.25965 3.58706 0.743908 -0.449712
132961 1.29024 3.68745 0.33805 0.906623
132961 1.32328 3.73564 0.335593 0.467864
132961 1.20556 3.73218 -1.05695 -0.386772
