0.017 -63.245 -1.75 15 0
0.033 -63.005 -1.75 15 0
0.05 -62.75 -1.75 15 0
0.067 -62.495 -1.75 15 0
0.083 -62.255 -1.75 15 0
0.1 -62 -1.75 15 0
0.117 -61.745 -1.75 15 0
0.133 -61.505 -1.75 15 0
0.15 -61.25 -1.75 15 0
0.167 -60.995 -1.75 15 0
0.183 -60.755 -1.75 15 0
0.2 -60.5 -1.75 15 0
0.217 -60.245 -1.75 15 0
0.233 -60.005 -1.75 15 0
0.25 -59.75 -1.75 15 0
0.267 -59.495 -1.75 15 0
0.283 -59.255 -1.75 15 0
0.3 -59 -1.75 15 0
0.317 -58.745 -1.75 15 0
0.333 -58.505 -1.75 15 0
0.35 -58.25 -1.75 15 0
0.367 -57.995 -1.75 15 0
0.383 -57.755 -1.75 15 0
0.4 -57.5 -1.75 15 0
0.417 -57.245 -1.75 15 0
0.433 -57.005 -1.75 15 0
0.45 -56.75 -1.75 15 0
0.467 -56.495 -1.75 15 0
0.483 -56.255 -1.75 15 0
0.5 -56 -1.75 15 0
0.517 -55.745 -1.75 15 0
0.533 -55.505 -1.75 15 0
0.55 -55.25 -1.75 15 0
0.567 -54.995 -1.75 15 0
0.583 -54.755 -1.75 15 0
0.6 -54.5 -1.75 15 0
0.617 -54.245 -1.75 15 0
0.633 -54.005 -1.75 15 0
0.65 -53.75 -1.75 15 0
0.667 -53.4949 -1.75 15 0
0.683 -53.2549 -1.75 15 0
0.7 -52.9999 -1.75 15 0
0.717 -52.7449 -1.75 15 0
0.733 -52.5049 -1.75 15 0
0.75 -52.2499 -1.75 15 0
0.767 -51.9949 -1.75 15 0
0.783 -51.7549 -1.75 15 0
0.8 -51.4999 -1.75 15 0
0.817 -51.2449 -1.75 15 0
0.833 -51.0049 -1.75 15 0
0.85 -50.7499 -1.75 15 0
0.867 -50.4949 -1.75 15 0
0.883 -50.2549 -1.75 15 0
0.9 -49.9999 -1.75 15 0
0.917 -49.7449 -1.75 15 0
0.933 -49.5049 -1.75 15 0
0.95 -49.2499 -1.75 15 0
0.967 -48.9949 -1.75 15 0
0.983 -48.7549 -1.75 15 0
1 -48.4999 -1.75 15 0
1.017 -48.2449 -1.75 15 0
1.033 -48.0049 -1.75 15 0
1.05 -47.7499 -1.75 15 0
1.067 -47.4949 -1.75 15 0
1.083 -47.2549 -1.75 15 0
1.1 -46.9999 -1.75 15 0
1.117 -46.7449 -1.75 15 0
1.133 -46.5049 -1.75 15 0
1.15 -46.2499 -1.75 15 0
1.167 -45.9949 -1.75 15 0
1.183 -45.7549 -1.75 15 0
1.2 -45.4999 -1.75 15 0
1.217 -45.2449 -1.75 15 0
1.233 -45.0049 -1.75 15 0
1.25 -44.7499 -1.75 15 0
1.267 -44.4949 -1.75 15 0
1.283 -44.2549 -1.75 15 0
1.3 -43.9999 -1.75 15 0
1.318 -43.7299 -1.75 15 0
1.333 -43.5049 -1.75 15 0
1.349 -43.2649 -1.75 15 0
1.366 -43.0099 -1.75 15 0
1.383 -42.7549 -1.75 15 0
1.4 -42.4999 -1.75 15 0
1.417 -42.2449 -1.75 15 0
1.433 -42.0049 -1.75 15 0
1.45 -41.7499 -1.75 15 0
1.467 -41.4949 -1.75 15 0
1.483 -41.2549 -1.75 15 0
1.5 -40.9999 -1.75 15 0
1.516 -40.7599 -1.75 15 0
1.533 -40.5049 -1.75 15 0
1.55 -40.2499 -1.75 15 0
1.566 -40.0099 -1.75 15 0
1.583 -39.7549 -1.75 15 0
1.6 -39.4999 -1.75 15 0
1.616 -39.2599 -1.75 15 0
1.633 -39.0049 -1.75 15 0
1.65 -38.7499 -1.75 15 0
1.666 -38.5099 -1.75 15 0
1.682 -38.2699 -1.75 15 0
1.699 -38.0149 -1.75 15 0
1.716 -37.7599 -1.75 15 0
1.733 -37.5049 -1.75 15 0
1.75 -37.2499 -1.75 15 0
1.767 -36.9949 -1.75 15 0
1.783 -36.7549 -1.75 15 0
1.8 -36.4999 -1.75 15 0
1.817 -36.2449 -1.75 15 0
1.833 -36.0049 -1.75 15 0
1.85 -35.7499 -1.75 15 0
1.867 -35.4949 -1.75 15 0
1.883 -35.2549 -1.75 15 0
1.9 -34.9999 -1.75 15 0
1.917 -34.7449 -1.75 15 0
1.933 -34.5049 -1.75 15 0
1.95 -34.2499 -1.75 15 0
1.967 -33.9949 -1.75 15 0
1.983 -33.7549 -1.75 15 0
2 -33.4999 -1.75 15 0
2.017 -33.2449 -1.75 15 0
2.033 -33.0048 -1.75 15 0
2.05 -32.7498 -1.75 15 0
2.067 -32.4948 -1.75 15 0
2.083 -32.2548 -1.75 15 0
2.1 -31.9998 -1.75 15 0
2.117 -31.7448 -1.75 15 0
2.133 -31.5048 -1.75 15 0
2.15 -31.2498 -1.75 15 0
2.167 -30.9948 -1.75 15 0
2.183 -30.7548 -1.75 15 0
2.2 -30.4998 -1.75 15 0
2.217 -30.2449 -1.75 15 0
2.233 -30.0049 -1.75 15 0
2.25 -29.7499 -1.75 15 0
2.267 -29.4949 -1.75 15 0
2.283 -29.2549 -1.75 15 0
2.3 -28.9999 -1.75 15 0
2.317 -28.7449 -1.75 15 0
2.333 -28.5049 -1.75 15 0
2.35 -28.2499 -1.75 15 0
2.367 -27.9949 -1.75 15 0
2.383 -27.7549 -1.75 15 0
2.4 -27.4999 -1.75 15 0
2.417 -27.2449 -1.75 15 0
2.433 -27.0049 -1.75 15 0
2.45 -26.7499 -1.75 15 0
2.467 -26.4949 -1.75 15 0
2.483 -26.2549 -1.75 15 0
2.5 -25.9999 -1.75 15 0
2.517 -25.7449 -1.75 15 0
2.533 -25.5049 -1.75 15 0
2.55 -25.2499 -1.75 15 0
2.567 -24.9949 -1.75 15 0
2.583 -24.7549 -1.75 15 0
2.6 -24.4999 -1.75 15 0
2.617 -24.2449 -1.75 15 0
2.633 -24.0049 -1.75 15 0
2.65 -23.7499 -1.75 15 0
2.667 -23.4949 -1.75 15 0
2.683 -23.2549 -1.75 15 0
2.7 -22.9999 -1.75 15 0
2.717 -22.7449 -1.75 15 0
2.733 -22.5049 -1.75 15 0
2.75 -22.2499 -1.75 15 0
2.767 -21.9949 -1.75 15 0
2.783 -21.7549 -1.75 15 0
2.8 -21.4999 -1.75 15 0
2.817 -21.2449 -1.75 15 0
2.833 -21.0049 -1.75 15 0
2.85 -20.7499 -1.75 15 0
2.867 -20.4949 -1.75 15 0
2.883 -20.2549 -1.75 15 0
2.9 -19.9999 -1.75 15 0
2.917 -19.7449 -1.75 15 0
2.933 -19.5049 -1.75 15 0
2.95 -19.2499 -1.75 15 0
2.967 -18.9949 -1.75 15 0
2.983 -18.7549 -1.75 15 0
3 -18.4999 -1.75 15 0
3.017 -18.2449 -1.75 15 0
3.033 -18.0049 -1.75 15 0
3.05 -17.7499 -1.75 15 0
3.067 -17.4949 -1.75 15 0
3.083 -17.2549 -1.75 15 0
3.1 -16.9999 -1.75 15 0
3.117 -16.7449 -1.75 15 0
3.133 -16.5049 -1.75 15 0
3.15 -16.2499 -1.75 15 0
3.167 -15.9949 -1.75 15 0
3.183 -15.7549 -1.75 15 0
3.2 -15.4999 -1.75 15 0
3.217 -15.2449 -1.75 15 0
3.233 -15.0049 -1.75 15 0
3.25 -14.7499 -1.75 15 0
3.267 -14.4949 -1.75 15 0
3.283 -14.2549 -1.75 15 0
3.3 -14.0022 -1.75 14.864 0
3.319 -13.7227 -1.75 14.712 0
3.332 -13.5328 -1.75 14.608 0
3.349 -13.2867 -1.75 14.472 0
3.366 -13.043 -1.75 14.336 0
3.383 -12.8016 -1.75 14.2 0
3.4 -12.5625 -1.75 14.064 0
3.417 -12.3258 -1.75 13.928 0
3.433 -12.105 -1.75 13.8 0
3.45 -11.8727 -1.75 13.664 0
3.467 -11.6427 -1.75 13.528 0
3.483 -11.4283 -1.75 13.4 0
3.5 -11.2028 -1.75 13.264 0
3.517 -10.9796 -1.75 13.128 0
3.533 -10.7716 -1.75 13 0
3.55 -10.5529 -1.75 12.864 0
3.567 -10.3366 -1.75 12.728 0
3.583 -10.135 -1.75 12.6 0
3.6 -9.92308 -1.75 12.464 0
3.617 -9.71351 -1.75 12.328 0
3.633 -9.51831 -1.75 12.2 0
3.65 -9.31322 -1.75 12.064 0
3.667 -9.11044 -1.75 11.928 0
3.683 -8.92164 -1.75 11.8 0
3.7 -8.72336 -1.75 11.664 0
3.717 -8.52738 -1.75 11.528 0
3.733 -8.34498 -1.75 11.4 0
3.75 -8.15349 -1.75 11.264 0
3.767 -7.96432 -1.75 11.128 0
3.783 -7.78832 -1.75 11 0
3.8 -7.60363 -1.75 10.864 0
3.816 -7.43185 -1.75 10.736 0
3.833 -7.24703 -1.75 10.872 0
3.85 -7.05989 -1.75 11.008 0
3.867 -6.87044 -1.75 11.144 0
3.883 -6.69009 -1.75 11.272 0
3.9 -6.49616 -1.75 11.408 0
3.917 -6.29991 -1.75 11.544 0
3.933 -6.11316 -1.75 11.672 0
3.95 -5.91242 -1.75 11.808 0
3.967 -5.70937 -1.75 11.944 0
3.983 -5.51622 -1.75 12.072 0
4 -5.30868 -1.75 12.208 0
4.017 -5.09884 -1.75 12.344 0
4.033 -4.89928 -1.75 12.472 0
4.05 -4.68495 -1.75 12.608 0
4.067 -4.4683 -1.75 12.744 0
4.083 -4.26235 -1.75 12.872 0
4.1 -4.04121 -1.75 13.008 0
4.117 -3.81776 -1.75 13.144 0
4.133 -3.60541 -1.75 13.272 0
4.15 -3.37748 -1.75 13.408 0
4.167 -3.14723 -1.75 13.544 0
4.183 -2.92848 -1.75 13.672 0
4.2 -2.69374 -1.75 13.808 0
4.217 -2.45669 -1.75 13.944 0
4.233 -2.23154 -1.75 14.072 0
4.25 -1.99 -1.75 14.208 0
4.267 -1.74616 -1.75 14.344 0
4.283 -1.5146 -1.75 14.472 0
4.299 -1.281 -1.75 14.6 0
4.316 -1.03049 -1.75 14.736 0
4.333 -0.777667 -1.75 14.872 0
4.35 -0.522531 -1.75 15.008 0
4.367 -0.269707 -1.75 14.872 0
4.383 -0.0297072 -1.75 15 0
4.4 0.222981 -1.75 14.864 0
4.417 0.477981 -1.75 15 0
4.433 0.715933 -1.75 14.872 0
4.45 0.971069 -1.75 15.008 0
4.467 1.22389 -1.75 14.872 0
4.483 1.46389 -1.75 15 0
4.5 1.71658 -1.75 14.864 0
4.517 1.97158 -1.75 15 0
4.533 2.20953 -1.75 14.872 0
4.55 2.46467 -1.75 15.008 0
4.567 2.71749 -1.75 14.872 0
4.583 2.95749 -1.75 15 0
4.6 3.21018 -1.75 14.864 0
4.616 3.45005 -1.75 14.992 0
4.633 3.70723 -1.75 15.128 0
4.65 3.96209 -1.75 14.992 0
4.667 4.21927 -1.75 15.128 0
4.683 4.45927 -1.75 15 0
4.7 4.71196 -1.75 14.864 0
4.717 4.96696 -1.75 15 0
4.733 5.20491 -1.75 14.872 0
4.75 5.46005 -1.75 15.008 0
4.767 5.71287 -1.75 14.872 0
4.783 5.95287 -1.75 15 0
4.8 6.20556 -1.75 14.864 0
4.817 6.46056 -1.75 15 0
4.833 6.69851 -1.75 14.872 0
4.85 6.95365 -1.75 15.008 0
4.867 7.20647 -1.75 14.872 0
4.883 7.44647 -1.75 15 0
4.9 7.69916 -1.75 14.864 0
4.917 7.95416 -1.75 15 0
4.933 8.19211 -1.75 14.872 0
4.95 8.44725 -1.75 15.008 0
4.967 8.70007 -1.75 14.872 0
4.983 8.94007 -1.75 15 0
5 9.19276 -1.75 14.864 0
5.016 9.43263 -1.75 14.992 0
5.033 9.68981 -1.75 15.128 0
5.05 9.94467 -1.75 14.992 0
5.067 10.2018 -1.75 15.128 0
5.083 10.4418 -1.75 15 0
5.1 10.6945 -1.75 14.864 0
5.116 10.9344 -1.75 14.992 0
5.133 11.1916 -1.75 15.128 0
5.15 11.4464 -1.75 14.992 0
5.167 11.7036 -1.75 15.128 0
5.183 11.9436 -1.75 15 0
5.2 12.1963 -1.75 14.864 0
5.217 12.4513 -1.75 15 0
5.233 12.6893 -1.75 14.872 0
5.25 12.9444 -1.75 15.008 0
5.267 13.1972 -1.75 14.872 0
5.283 13.4372 -1.75 15 0
5.3 13.6899 -1.75 14.864 0
5.316 13.9298 -1.75 14.992 0
5.333 14.187 -1.75 15.128 0
5.35 14.4418 -1.75 14.992 0
5.367 14.699 -1.75 15.128 0
5.383 14.939 -1.75 15 0
5.399 15.177 -1.75 14.872 0
5.416 15.4321 -1.75 15.008 0
5.433 15.6849 -1.75 14.872 0
5.45 15.9401 -1.75 15.008 0
5.467 16.1929 -1.75 14.872 0
5.483 16.4329 -1.75 15 0
5.5 16.6856 -1.75 14.864 0
5.516 16.9254 -1.75 14.992 0
5.533 17.1826 -1.75 15.128 0
5.55 17.4375 -1.75 14.992 0
5.566 17.6794 -1.75 15.12 0
5.583 17.9341 -1.75 14.984 0
5.6 18.1912 -1.75 15.12 0
5.616 18.431 -1.75 14.992 0
5.633 18.6882 -1.75 15.128 0
5.65 18.9431 -1.75 14.992 0
5.666 19.185 -1.75 15.12 0
5.683 19.4397 -1.75 14.984 0
5.7 19.6968 -1.75 15.12 0
5.716 19.9366 -1.75 14.992 0
5.733 20.1938 -1.75 15.128 0
5.75 20.4487 -1.75 14.992 0
5.767 20.7058 -1.75 15.128 0
5.783 20.9458 -1.75 15 0
5.8 21.1985 -1.75 14.864 0
5.816 21.4384 -1.75 14.992 0
5.833 21.6956 -1.75 15.128 0
5.85 21.9504 -1.75 14.992 0
5.866 22.1924 -1.75 15.12 0
5.883 22.4471 -1.75 14.984 0
5.9 22.7041 -1.75 15.12 0
5.916 22.944 -1.75 14.992 0
5.933 23.2012 -1.75 15.128 0
5.95 23.456 -1.75 14.992 0
5.966 23.698 -1.75 15.12 0
5.983 23.9527 -1.75 14.984 0
6 24.2097 -1.75 15.12 0
6.016 24.4496 -1.75 14.992 0
6.033 24.7068 -1.75 15.128 0
6.05 24.9616 -1.75 14.992 0
6.066 25.2036 -1.75 15.12 0
6.083 25.4583 -1.75 14.984 0
6.1 25.7153 -1.75 15.12 0
6.116 25.9552 -1.75 14.992 0
6.133 26.2124 -1.75 15.128 0
6.15 26.4672 -1.75 14.992 0
6.166 26.7092 -1.75 15.12 0
6.183 26.9639 -1.75 14.984 0
6.2 27.2209 -1.75 15.12 0
6.216 27.4608 -1.75 14.992 0
6.233 27.718 -1.75 15.128 0
6.25 27.9728 -1.75 14.992 0
6.266 28.2148 -1.75 15.12 0
6.283 28.4695 -1.75 14.984 0
6.3 28.7265 -1.75 15.12 0
6.316 28.9664 -1.75 14.992 0
6.332 29.2083 -1.75 15.12 0
6.349 29.4631 -1.75 14.984 0
6.366 29.7201 -1.75 15.12 0
6.382 29.96 -1.75 14.992 0
6.4 30.2324 -1.75 15.136 0
6.416 30.4725 -1.75 15.008 0
6.433 30.7254 -1.75 14.872 0
6.45 30.9805 -1.75 15.008 0
6.466 31.2186 -1.75 14.88 0
6.483 31.4739 -1.75 15.016 0
6.5 31.7268 -1.75 14.88 0
6.516 31.9669 -1.75 15.008 0
6.533 32.2198 -1.75 14.872 0
6.55 32.4749 -1.75 15.008 0
6.566 32.713 -1.75 14.88 0
6.583 32.9683 -1.75 15.016 0
6.6 33.2212 -1.75 14.88 0
6.616 33.4613 -1.75 15.008 0
6.633 33.7142 -1.75 14.872 0
6.65 33.9693 -1.75 15.008 0
6.666 34.2074 -1.75 14.88 0
6.683 34.4627 -1.75 15.016 0
6.7 34.7156 -1.75 14.88 0
6.716 34.9557 -1.75 15.008 0
6.733 35.2086 -1.75 14.872 0
6.75 35.4637 -1.75 15.008 0
6.766 35.7018 -1.75 14.88 0
6.783 35.957 -1.75 15.016 0
6.8 36.21 -1.75 14.88 0
6.816 36.4501 -1.75 15.008 0
6.833 36.703 -1.75 14.872 0
6.85 36.9581 -1.75 15.008 0
6.866 37.1962 -1.75 14.88 0
6.883 37.4514 -1.75 15.016 0
6.9 37.7044 -1.75 14.88 0
6.916 37.9445 -1.75 15.008 0
6.933 38.1974 -1.75 14.872 0
6.95 38.4525 -1.75 15.008 0
6.966 38.6906 -1.75 14.88 0
6.983 38.9458 -1.75 15.016 0
7 39.1988 -1.75 14.88 0
7.016 39.4389 -1.75 15.008 0
7.032 39.677 -1.75 14.88 0
7.049 39.9323 -1.75 15.016 0
7.066 40.1852 -1.75 14.88 0
7.082 40.4254 -1.75 15.008 0
7.1 40.6929 -1.75 14.864 0
7.116 40.9328 -1.75 14.992 0
7.133 41.19 -1.75 15.128 0
7.15 41.4448 -1.75 14.992 0
7.166 41.6867 -1.75 15.12 0
7.183 41.9415 -1.75 14.984 0
7.2 42.1985 -1.75 15.12 0
7.216 42.4384 -1.75 14.992 0
7.233 42.6956 -1.75 15.128 0
7.25 42.9504 -1.75 14.992 0
7.266 43.1923 -1.75 15.12 0
7.283 43.4471 -1.75 14.984 0
7.3 43.7041 -1.75 15.12 0
7.316 43.944 -1.75 14.992 0
7.333 44.2012 -1.75 15.128 0
7.35 44.456 -1.75 14.992 0
7.366 44.6979 -1.75 15.12 0
7.383 44.9527 -1.75 14.984 0
7.4 45.2097 -1.75 15.12 0
7.416 45.4496 -1.75 14.992 0
7.433 45.7068 -1.75 15.128 0
7.45 45.9616 -1.75 14.992 0
7.466 46.2035 -1.75 15.12 0
7.483 46.4583 -1.75 14.984 0
7.5 46.7153 -1.75 15.12 0
7.516 46.9552 -1.75 14.992 0
7.533 47.2123 -1.75 15.128 0
7.55 47.4672 -1.75 14.992 0
7.566 47.7091 -1.75 15.12 0
7.583 47.9639 -1.75 14.984 0
7.6 48.2209 -1.75 15.12 0
7.616 48.4608 -1.75 14.992 0
7.633 48.7179 -1.75 15.128 0
7.65 48.9728 -1.75 14.992 0
7.666 49.2147 -1.75 15.12 0
7.683 49.4695 -1.75 14.984 0
7.7 49.7265 -1.75 15.12 0
7.716 49.9664 -1.75 14.992 0
7.733 50.2235 -1.75 15.128 0
7.75 50.4784 -1.75 14.992 0
7.766 50.7203 -1.75 15.12 0
7.783 50.9751 -1.75 14.984 0
7.8 51.2321 -1.75 15.12 0
7.816 51.472 -1.75 14.992 0
7.833 51.7291 -1.75 15.128 0
7.85 51.984 -1.75 14.992 0
7.866 52.2259 -1.75 15.12 0
7.883 52.4806 -1.75 14.984 0
7.9 52.7377 -1.75 15.12 0
7.916 52.9776 -1.75 14.992 0
7.933 53.2347 -1.75 15.128 0
7.95 53.4896 -1.75 14.992 0
7.966 53.7315 -1.75 15.12 0
7.983 53.9862 -1.75 14.984 0
8 54.2433 -1.75 15.12 0
8.016 54.4832 -1.75 14.992 0
8.033 54.7403 -1.75 15.128 0
8.05 54.9952 -1.75 14.992 0
8.066 55.2371 -1.75 15.12 0
8.083 55.4918 -1.75 14.984 0
8.1 55.7489 -1.75 15.12 0
8.116 55.9888 -1.75 14.992 0
8.133 56.2459 -1.75 15.128 0
8.15 56.5008 -1.75 14.992 0
8.166 56.7427 -1.75 15.12 0
8.183 56.9974 -1.75 14.984 0
8.2 57.2545 -1.75 15.12 0
8.216 57.4943 -1.75 14.992 0
8.233 57.7515 -1.75 15.128 0
8.25 58.0064 -1.75 14.992 0
8.266 58.2483 -1.75 15.12 0
8.283 58.503 -1.75 14.984 0
8.3 58.7601 -1.75 15.12 0
8.316 58.9999 -1.75 14.992 0
8.333 59.2571 -1.75 15.128 0
8.349 59.4971 -1.75 15 0
8.366 59.7498 -1.75 14.864 0
8.383 60.0048 -1.75 15 0
8.4 60.2575 -1.75 14.864 0
8.416 60.4974 -1.75 14.992 0
8.433 60.7545 -1.75 15.128 0
8.45 61.0094 -1.75 14.992 0
8.466 61.2513 -1.75 15.12 0
8.483 61.5061 -1.75 14.984 0
8.5 61.7631 -1.75 15.12 0
8.516 62.003 -1.75 14.992 0
8.533 62.2601 -1.75 15.128 0
8.55 62.515 -1.75 14.992 0
8.566 62.7569 -1.75 15.12 0
8.583 63.0117 -1.75 14.984 0
8.6 63.2687 -1.75 15.12 0
8.616 63.5086 -1.75 14.992 0
8.633 63.7657 -1.75 15.128 0
8.65 64.0206 -1.75 14.992 0
8.666 64.2625 -1.75 15.12 0
8.683 64.5173 -1.75 14.984 0
8.7 64.7743 -1.75 15.12 0
8.716 65.0142 -1.75 14.992 0
8.733 65.2714 -1.75 15.128 0
8.75 65.5262 -1.75 14.992 0
8.766 65.7681 -1.75 15.12 0
8.783 66.0229 -1.75 14.984 0
8.8 66.2799 -1.75 15.12 0
8.816 66.5198 -1.75 14.992 0
8.833 66.777 -1.75 15.128 0
8.85 67.0318 -1.75 14.992 0
8.866 67.2738 -1.75 15.12 0
8.883 67.5285 -1.75 14.984 0
8.9 67.7855 -1.75 15.12 0
8.916 68.0254 -1.75 14.992 0
8.933 68.2826 -1.75 15.128 0
8.95 68.5375 -1.75 14.992 0
8.966 68.7794 -1.75 15.12 0
8.983 69.0341 -1.75 14.984 0
9 69.2911 -1.75 15.12 0
9.016 69.531 -1.75 14.992 0
9.033 69.7882 -1.75 15.128 0
9.05 70.0431 -1.75 14.992 0
9.066 70.285 -1.75 15.12 0
9.083 70.5397 -1.75 14.984 0
9.1 70.7968 -1.75 15.12 0
9.116 71.0366 -1.75 14.992 0
9.133 71.2938 -1.75 15.128 0
9.15 71.5487 -1.75 14.992 0
9.166 71.7906 -1.75 15.12 0
9.182 72.0305 -1.75 14.992 0
9.199 72.2877 -1.75 15.128 0
9.216 72.5425 -1.75 14.992 0
9.233 72.7997 -1.75 15.128 0
9.25 73.0546 -1.75 14.992 0
9.266 73.2965 -1.75 15.12 0
9.283 73.5512 -1.75 14.984 0
9.3 73.8083 -1.75 15.12 0
9.316 74.0481 -1.75 14.992 0
9.333 74.3053 -1.75 15.128 0
9.35 74.5602 -1.75 14.992 0
9.366 74.8021 -1.75 15.12 0
9.383 75.0568 -1.75 14.984 0
9.399 75.2986 -1.75 15.112 0
9.416 75.5532 -1.75 14.976 0
9.433 75.8101 -1.75 15.112 0
9.449 76.0499 -1.75 14.984 0
9.466 76.3069 -1.75 15.12 0
9.483 76.5616 -1.75 14.984 0
9.499 76.8034 -1.75 15.112 0
9.516 77.058 -1.75 14.976 0
9.533 77.3149 -1.75 15.112 0
9.55 77.5695 -1.75 14.976 0
9.566 77.8112 -1.75 15.104 0
9.583 78.0656 -1.75 14.968 0
9.6 78.3224 -1.75 15.104 0
9.616 78.562 -1.75 14.976 0
9.633 78.8189 -1.75 15.112 0
9.65 79.0735 -1.75 14.976 0
9.666 79.3152 -1.75 15.104 0
9.683 79.5696 -1.75 14.968 0
9.7 79.8264 -1.75 15.104 0
9.716 80.066 -1.75 14.976 0
9.733 80.3229 -1.75 15.112 0
9.75 80.5775 -1.75 14.976 0
9.766 80.8192 -1.75 15.104 0
9.783 81.0736 -1.75 14.968 0
9.8 81.3304 -1.75 15.104 0
9.816 81.57 -1.75 14.976 0
9.833 81.8269 -1.75 15.112 0
9.85 82.0815 -1.75 14.976 0
9.866 82.3232 -1.75 15.104 0
9.883 82.5776 -1.75 14.968 0
9.9 82.8344 -1.75 15.104 0
9.916 83.074 -1.75 14.976 0
9.933 83.3309 -1.75 15.112 0
9.95 83.5855 -1.75 14.976 0
9.966 83.8272 -1.75 15.104 0
9.983 84.0816 -1.75 14.968 0
10 84.3384 -1.75 15.104 0
10.016 84.578 -1.75 14.976 0
10.033 84.8349 -1.75 15.112 0
10.05 85.0895 -1.75 14.976 0
10.066 85.3312 -1.75 15.104 0
10.083 85.5856 -1.75 14.968 0
10.1 85.8424 -1.75 15.104 0
10.116 86.082 -1.75 14.976 0
10.133 86.3389 -1.75 15.112 0
10.15 86.5935 -1.75 14.976 0
10.166 86.8352 -1.75 15.104 0
10.183 87.0896 -1.75 14.968 0
10.2 87.3464 -1.75 15.104 0
10.216 87.586 -1.75 14.976 0
10.233 87.8429 -1.75 15.112 0
10.249 88.0827 -1.75 14.984 0
10.266 88.3397 -1.75 15.12 0
10.282 88.5796 -1.75 14.992 0
10.299 88.8368 -1.75 15.128 0
10.316 89.0916 -1.75 14.992 0
10.333 89.3488 -1.75 15.128 0
10.35 89.6037 -1.75 14.992 0
10.365 89.8304 -1.75 15.112 0
10.383 90.0998 -1.75 14.968 0
10.4 90.3565 -1.75 15.104 0
10.416 90.5962 -1.75 14.976 0
10.433 90.8531 -1.75 15.112 0
10.449 91.0928 -1.75 14.984 0
10.466 91.3499 -1.75 15.12 0
10.483 91.6046 -1.75 14.984 0
10.499 91.8464 -1.75 15.112 0
10.516 92.101 -1.75 14.976 0
10.533 92.3579 -1.75 15.112 0
10.55 92.6125 -1.75 14.976 0
10.566 92.8541 -1.75 15.104 0
10.583 93.1086 -1.75 14.968 0
10.6 93.3653 -1.75 15.104 0
10.616 93.605 -1.75 14.976 0
10.633 93.8619 -1.75 15.112 0
10.65 94.1165 -1.75 14.976 0
10.666 94.3581 -1.75 15.104 0
10.683 94.6126 -1.75 14.968 0
10.7 94.8693 -1.75 15.104 0
10.716 95.109 -1.75 14.976 0
10.733 95.3659 -1.75 15.112 0
10.75 95.6205 -1.75 14.976 0
10.766 95.8621 -1.75 15.104 0
10.783 96.1166 -1.75 14.968 0
10.8 96.3733 -1.75 15.104 0
10.816 96.613 -1.75 14.976 0
10.833 96.8699 -1.75 15.112 0
10.85 97.1245 -1.75 14.976 0
10.866 97.3661 -1.75 15.104 0
10.883 97.6206 -1.75 14.968 0
10.9 97.8773 -1.75 15.104 0
10.916 98.117 -1.75 14.976 0
10.933 98.3739 -1.75 15.112 0
10.95 98.6285 -1.75 14.976 0
10.966 98.8701 -1.75 15.104 0
10.983 99.1246 -1.75 14.968 0
11 99.3813 -1.75 15.104 0
11.016 99.621 -1.75 14.976 0
11.033 99.8779 -1.75 15.112 0
11.05 100.132 -1.75 14.976 0
11.066 100.374 -1.75 15.104 0
11.083 100.629 -1.75 14.968 0
11.1 100.885 -1.75 15.104 0
11.116 101.125 -1.75 14.976 0
11.133 101.382 -1.75 15.112 0
11.15 101.636 -1.75 14.976 0
11.166 101.878 -1.75 15.104 0
11.183 102.133 -1.75 14.968 0
11.2 102.389 -1.75 15.104 0
11.216 102.629 -1.75 14.976 0
11.233 102.886 -1.75 15.112 0
11.25 103.14 -1.75 14.976 0
11.266 103.382 -1.75 15.104 0
11.283 103.637 -1.75 14.968 0
11.3 103.893 -1.75 15.104 0
11.316 104.133 -1.75 14.976 0
11.333 104.39 -1.75 15.112 0
11.35 104.644 -1.75 14.976 0
11.366 104.886 -1.75 15.104 0
11.383 105.141 -1.75 14.968 0
11.4 105.397 -1.75 15.104 0
11.416 105.637 -1.75 14.976 0
11.433 105.894 -1.75 15.112 0
11.45 106.148 -1.75 14.976 0
11.466 106.39 -1.75 15.104 0
11.483 106.645 -1.75 14.968 0
11.5 106.901 -1.75 15.104 0
11.516 107.141 -1.75 14.976 0
11.533 107.398 -1.75 15.112 0
11.55 107.652 -1.75 14.976 0
11.566 107.894 -1.75 15.104 0
11.583 108.149 -1.75 14.968 0
11.6 108.405 -1.75 15.104 0
11.616 108.645 -1.75 14.976 0
11.633 108.902 -1.75 15.112 0
11.65 109.156 -1.75 14.976 0
11.666 109.398 -1.75 15.104 0
11.683 109.653 -1.75 14.968 0
11.7 109.909 -1.75 15.104 0
11.716 110.149 -1.75 14.976 0
11.733 110.406 -1.75 15.112 0
11.75 110.66 -1.75 14.976 0
11.766 110.902 -1.75 15.104 0
11.783 111.157 -1.75 14.968 0
11.8 111.413 -1.75 15.104 0
11.816 111.653 -1.75 14.976 0
11.833 111.91 -1.75 15.112 0
11.85 112.164 -1.75 14.976 0
11.866 112.406 -1.75 15.104 0
11.883 112.661 -1.75 14.968 0
11.9 112.917 -1.75 15.104 0
11.916 113.157 -1.75 14.976 0
11.933 113.414 -1.75 15.112 0
11.95 113.668 -1.75 14.976 0
11.966 113.91 -1.75 15.104 0
11.983 114.165 -1.75 14.968 0
12 114.421 -1.75 15.104 0
12.016 114.661 -1.75 14.976 0
12.033 114.918 -1.75 15.112 0
12.05 115.172 -1.75 14.976 0
12.066 115.414 -1.75 15.104 0
12.083 115.669 -1.75 14.968 0
12.1 115.925 -1.75 15.104 0
12.116 116.165 -1.75 14.976 0
12.133 116.422 -1.75 15.112 0
12.15 116.676 -1.75 14.976 0
12.166 116.918 -1.75 15.104 0
12.183 117.173 -1.75 14.968 0
12.2 117.429 -1.75 15.104 0
12.216 117.669 -1.75 14.976 0
12.233 117.926 -1.75 15.112 0
12.25 118.18 -1.75 14.976 0
12.266 118.422 -1.75 15.104 0
12.283 118.677 -1.75 14.968 0
12.3 118.933 -1.75 15.104 0
12.316 119.173 -1.75 14.976 0
12.333 119.43 -1.75 15.112 0
12.35 119.684 -1.75 14.976 0
12.366 119.926 -1.75 15.104 0
12.382 120.166 -1.75 14.976 0
12.4 120.438 -1.75 15.12 0
12.416 120.678 -1.75 14.992 0
12.433 120.935 -1.75 15.128 0
12.45 121.19 -1.75 14.992 0
12.466 121.432 -1.75 15.12 0
12.483 121.686 -1.75 14.984 0
12.5 121.943 -1.75 15.12 0
12.516 122.183 -1.75 14.992 0
12.533 122.441 -1.75 15.128 0
12.55 122.695 -1.75 14.992 0
12.566 122.937 -1.75 15.12 0
12.583 123.192 -1.75 14.984 0
12.6 123.449 -1.75 15.12 0
12.616 123.689 -1.75 14.992 0
12.633 123.946 -1.75 15.128 0
12.65 124.201 -1.75 14.992 0
12.666 124.443 -1.75 15.12 0
12.683 124.698 -1.75 14.984 0
12.7 124.955 -1.75 15.12 0
12.716 125.195 -1.75 14.992 0
12.733 125.452 -1.75 15.128 0
12.75 125.707 -1.75 14.992 0
12.766 125.949 -1.75 15.12 0
12.783 126.203 -1.75 14.984 0
12.8 126.46 -1.75 15.12 0
12.816 126.7 -1.75 14.992 0
12.833 126.957 -1.75 15.128 0
12.85 127.212 -1.75 14.992 0
12.866 127.454 -1.75 15.12 0
12.883 127.709 -1.75 14.984 0
12.9 127.966 -1.75 15.12 0
12.916 128.206 -1.75 14.992 0
12.933 128.463 -1.75 15.128 0
12.95 128.718 -1.75 14.992 0
12.966 128.96 -1.75 15.12 0
12.983 129.214 -1.75 14.984 0
13 129.472 -1.75 15.12 0
13.016 129.711 -1.75 14.992 0
13.033 129.969 -1.75 15.128 0
13.05 130.223 -1.75 14.992 0
13.066 130.465 -1.75 15.12 0
13.083 130.72 -1.75 14.984 0
13.1 130.977 -1.75 15.12 0
13.116 131.217 -1.75 14.992 0
13.133 131.474 -1.75 15.128 0
13.15 131.729 -1.75 14.992 0
13.166 131.971 -1.75 15.12 0
13.183 132.226 -1.75 14.984 0
13.2 132.483 -1.75 15.12 0
13.216 132.723 -1.75 14.992 0
13.233 132.98 -1.75 15.128 0
13.25 133.235 -1.75 14.992 0
13.266 133.477 -1.75 15.12 0
13.283 133.731 -1.75 14.984 0
13.3 133.988 -1.75 15.12 0
13.316 134.228 -1.75 14.992 0
13.333 134.485 -1.75 15.128 0
13.35 134.74 -1.75 14.992 0
13.366 134.982 -1.75 15.12 0
13.383 135.237 -1.75 14.984 0
13.4 135.494 -1.75 15.12 0
13.416 135.734 -1.75 14.992 0
13.433 135.991 -1.75 15.128 0
13.45 136.246 -1.75 14.992 0
13.466 136.488 -1.75 15.12 0
13.483 136.742 -1.75 14.984 0
13.5 136.999 -1.75 15.12 0
13.516 137.239 -1.75 14.992 0
13.533 137.496 -1.75 15.128 0
13.55 137.751 -1.75 14.992 0
13.566 137.993 -1.75 15.12 0
13.583 138.248 -1.75 14.984 0
13.6 138.505 -1.75 15.12 0
13.616 138.745 -1.75 14.992 0
13.633 139.002 -1.75 15.128 0
13.65 139.257 -1.75 14.992 0
13.666 139.499 -1.75 15.12 0
13.683 139.754 -1.75 14.984 0
13.7 140.011 -1.75 15.12 0
13.716 140.25 -1.75 14.992 0
13.733 140.508 -1.75 15.128 0
13.75 140.763 -1.75 14.992 0
13.766 141.004 -1.75 15.12 0
13.783 141.259 -1.75 14.984 0
13.8 141.516 -1.75 15.12 0
13.816 141.756 -1.75 14.992 0
13.833 142.013 -1.75 15.128 0
13.85 142.268 -1.75 14.992 0
13.866 142.51 -1.75 15.12 0
13.883 142.765 -1.75 14.984 0
13.9 143.022 -1.75 15.12 0
13.916 143.262 -1.75 14.992 0
13.933 143.519 -1.75 15.128 0
13.95 143.774 -1.75 14.992 0
13.966 144.016 -1.75 15.12 0
13.983 144.27 -1.75 14.984 0
13.999 144.512 -1.75 15.112 0
14.016 144.767 -1.75 14.976 0
14.033 145.024 -1.75 15.112 0
14.05 145.278 -1.75 14.976 0
14.066 145.52 -1.75 15.104 0
14.083 145.774 -1.75 14.968 0
14.1 146.031 -1.75 15.104 0
14.116 146.271 -1.75 14.976 0
14.133 146.528 -1.75 15.112 0
14.149 146.767 -1.75 14.984 0
14.166 147.024 -1.75 15.12 0
14.183 147.279 -1.75 14.984 0
14.199 147.521 -1.75 15.112 0
14.216 147.776 -1.75 14.976 0
14.233 148.032 -1.75 15.112 0
14.25 148.287 -1.75 14.976 0
14.266 148.529 -1.75 15.104 0
14.283 148.783 -1.75 14.968 0
14.299 149.025 -1.75 15.096 0
14.316 149.279 -1.75 14.96 0
14.333 149.536 -1.75 15.096 0
14.35 149.79 -1.75 14.96 0
14.366 150.031 -1.75 15.088 0
14.383 150.286 -1.75 14.952 0
14.399 150.527 -1.75 15.08 0
14.415 150.766 -1.75 14.952 0
14.432 151.023 -1.75 15.088 0
14.449 151.277 -1.75 14.952 0
14.466 151.533 -1.75 15.088 0
14.483 151.787 -1.75 14.952 0
14.499 152.029 -1.75 15.08 0
14.516 152.283 -1.75 14.944 0
14.533 152.539 -1.75 15.08 0
14.549 152.778 -1.75 14.952 0
14.566 153.035 -1.75 15.088 0
14.583 153.289 -1.75 14.952 0
14.599 153.53 -1.75 15.08 0
14.616 153.784 -1.75 14.944 0
14.633 154.041 -1.75 15.08 0
14.649 154.28 -1.75 14.952 0
14.666 154.536 -1.75 15.088 0
14.683 154.791 -1.75 14.952 0
14.699 155.032 -1.75 15.08 0
14.716 155.286 -1.75 14.944 0
14.733 155.542 -1.75 15.08 0
14.749 155.782 -1.75 14.952 0
14.766 156.038 -1.75 15.088 0
14.783 156.292 -1.75 14.952 0
14.799 156.533 -1.75 15.08 0
14.816 156.788 -1.75 14.944 0
14.833 157.044 -1.75 15.08 0
14.849 157.283 -1.75 14.952 0
14.866 157.54 -1.75 15.088 0
14.883 157.794 -1.75 14.952 0
14.899 158.035 -1.75 15.08 0
14.916 158.289 -1.75 14.944 0
14.933 158.546 -1.75 15.08 0
14.949 158.785 -1.75 14.952 0
14.966 159.041 -1.75 15.088 0
14.983 159.295 -1.75 14.952 0
14.999 159.537 -1.75 15.08 0
15.016 159.791 -1.75 14.944 0
15.033 160.047 -1.75 15.08 0
15.049 160.286 -1.75 14.952 0
15.066 160.543 -1.75 15.088 0
15.083 160.797 -1.75 14.952 0
15.099 161.038 -1.75 15.08 0
15.116 161.292 -1.75 14.944 0
15.133 161.549 -1.75 15.08 0
15.149 161.788 -1.75 14.952 0
15.166 162.044 -1.75 15.088 0
15.183 162.299 -1.75 14.952 0
15.199 162.54 -1.75 15.08 0
15.216 162.794 -1.75 14.944 0
15.233 163.05 -1.75 15.08 0
15.249 163.29 -1.75 14.952 0
15.266 163.546 -1.75 15.088 0
15.282 163.785 -1.75 14.96 0
15.299 164.042 -1.75 15.096 0
15.315 164.282 -1.75 14.968 0
15.332 164.538 -1.75 15.104 0
15.349 164.793 -1.75 14.968 0
15.365 165.034 -1.75 15.096 0
15.382 165.289 -1.75 14.96 0
15.399 165.545 -1.75 15.096 0
15.416 165.8 -1.75 14.96 0
15.433 166.056 -1.75 15.096 0
15.449 166.296 -1.75 14.968 0
15.466 166.552 -1.75 15.104 0
15.483 166.807 -1.75 14.968 0
15.499 167.048 -1.75 15.096 0
15.516 167.303 -1.75 14.96 0
15.533 167.559 -1.75 15.096 0
15.549 167.799 -1.75 14.968 0
15.566 168.056 -1.75 15.104 0
15.583 168.31 -1.75 14.968 0
15.599 168.552 -1.75 15.096 0
15.615 168.791 -1.75 14.968 0
15.632 169.048 -1.75 15.104 0
15.649 169.302 -1.75 14.968 0
15.665 169.544 -1.75 15.096 0
15.683 169.813 -1.75 14.952 0
15.699 170.054 -1.75 15.08 0
15.716 170.308 -1.75 14.944 0
15.733 170.565 -1.75 15.08 0
15.749 170.804 -1.75 14.952 0
15.766 171.06 -1.75 15.088 0
15.783 171.315 -1.75 14.952 0
15.799 171.556 -1.75 15.08 0
15.816 171.81 -1.75 14.944 0
15.833 172.066 -1.75 15.08 0
15.849 172.306 -1.75 14.952 0
15.866 172.562 -1.75 15.088 0
15.883 172.816 -1.75 14.952 0
15.899 173.058 -1.75 15.08 0
15.916 173.312 -1.75 14.944 0
15.933 173.568 -1.75 15.08 0
15.949 173.807 -1.75 14.952 0
15.966 174.064 -1.75 15.088 0
15.983 174.318 -1.75 14.952 0
15.999 174.559 -1.75 15.08 0
16.016 174.813 -1.75 14.944 0
16.033 175.07 -1.75 15.08 0
16.049 175.309 -1.75 14.952 0
16.066 175.565 -1.75 15.088 0
16.083 175.819 -1.75 14.952 0
16.099 176.061 -1.75 15.08 0
16.116 176.315 -1.75 14.944 0
16.133 176.571 -1.75 15.08 0
16.149 176.81 -1.75 14.952 0
16.166 177.067 -1.75 15.088 0
16.183 177.321 -1.75 14.952 0
16.199 177.562 -1.75 15.08 0
16.216 177.816 -1.75 14.944 0
16.233 178.073 -1.75 15.08 0
16.249 178.312 -1.75 14.952 0
16.266 178.568 -1.75 15.088 0
16.283 178.823 -1.75 14.952 0
16.299 179.064 -1.75 15.08 0
16.316 179.318 -1.75 14.944 0
16.333 179.574 -1.75 15.08 0
16.349 179.814 -1.75 14.952 0
16.366 180.07 -1.75 15.088 0
16.383 180.324 -1.75 14.952 0
16.399 180.566 -1.75 15.08 0
16.415 180.805 -1.75 14.952 0
16.433 181.076 -1.75 15.096 0
16.449 181.316 -1.75 14.968 0
